# fault_id: ID number of the parent fault of this section
# num_points: Number of trace points comprising this section
# section_name: Name of the section
9 37 N_San_Gregorio
# latitude: Latitude of trace point
# longitude: Longitude of trace point
# altitude: Altitude of trace point (meters)
# depth_along_dip: Depth along dip (meters)
# slip_rate: Slip rate at trace point (centimeters/year)
# aseismic: Fraction of slip that is aseismic at point
# rake: Fault rake at trace point (degrees)
# dip: Fault dip at trace point (degrees)
# lame_mu: Lame's mu parameter at trace point (Pascals)
# lame_lambda: Lame's lambda parameter at trace point (Pascals)
37.7545 -122.612 0 12000 0 0 180 90 3e+10 3.2e+10
37.7279 -122.606 0 12000 0.511 0 180 90 3e+10 3.2e+10
37.7014 -122.6 0 12000 0.648 0 180 90 3e+10 3.2e+10
37.6751 -122.592 0 12000 0.715 0 180 90 3e+10 3.2e+10
37.6489 -122.585 0 12000 0.842 0 180 90 3e+10 3.2e+10
37.6228 -122.576 0 12000 0.863 0 180 90 3e+10 3.2e+10
37.5969 -122.566 0 12000 0.875 0 180 90 3e+10 3.2e+10
37.5711 -122.557 0 12000 0.884 0 180 90 3e+10 3.2e+10
37.5456 -122.546 0 12000 0.884 0 180 90 3e+10 3.2e+10
37.5201 -122.535 0 12000 0.884 0 180 90 3e+10 3.2e+10
37.4947 -122.523 0 12000 0.884 0 180 90 3e+10 3.2e+10
37.4696 -122.511 0 12000 0.884 0 180 90 3e+10 3.2e+10
37.4445 -122.498 0 12000 0.884 0 180 90 3e+10 3.2e+10
37.4197 -122.485 0 12000 0.884 0 180 90 3e+10 3.2e+10
37.3948 -122.472 0 12000 0.884 0 180 90 3e+10 3.2e+10
37.3701 -122.459 0 12000 0.884 0 180 90 3e+10 3.2e+10
37.3456 -122.445 0 12000 0.884 0 180 90 3e+10 3.2e+10
37.321 -122.43 0 12000 0.884 0 180 90 3e+10 3.2e+10
37.2965 -122.416 0 12000 0.884 0 180 90 3e+10 3.2e+10
37.2722 -122.402 0 12000 0.884 0 180 90 3e+10 3.2e+10
37.2478 -122.387 0 12000 0.884 0 180 90 3e+10 3.2e+10
37.2234 -122.373 0 12000 0.884 0 180 90 3e+10 3.2e+10
37.199 -122.358 0 12000 0.884 0 180 90 3e+10 3.2e+10
37.1748 -122.343 0 12000 0.884 0 180 90 3e+10 3.2e+10
37.1505 -122.329 0 12000 0.884 0 180 90 3e+10 3.2e+10
37.1261 -122.314 0 12000 0.884 0 180 90 3e+10 3.2e+10
37.1017 -122.3 0 12000 0.884 0 180 90 3e+10 3.2e+10
37.0772 -122.286 0 12000 0.884 0 180 90 3e+10 3.2e+10
37.0527 -122.272 0 12000 0.884 0 180 90 3e+10 3.2e+10
37.0282 -122.258 0 12000 0.884 0 180 90 3e+10 3.2e+10
37.0037 -122.243 0 12000 0.874 0 180 90 3e+10 3.2e+10
36.9792 -122.229 0 12000 0.853 0 180 90 3e+10 3.2e+10
36.9547 -122.215 0 12000 0.822 0 180 90 3e+10 3.2e+10
36.9303 -122.201 0 12000 0.781 0 180 90 3e+10 3.2e+10
36.9059 -122.187 0 12000 0.73 0 180 90 3e+10 3.2e+10
36.8816 -122.172 0 12000 0.668 0 180 90 3e+10 3.2e+10
36.8568 -122.159 0 12000 0.668 0 180 90 3e+10 3.2e+10
