# fault_id: ID number of the parent fault of this section
# num_points: Number of trace points comprising this section
# section_name: Name of the section
116 33 Hat_Creek
# latitude: Latitude of trace point
# longitude: Longitude of trace point
# altitude: Altitude of trace point (meters)
# depth_along_dip: Depth along dip (meters)
# slip_rate: Slip rate at trace point (centimeters/year)
# aseismic: Fraction of slip that is aseismic at point
# rake: Fault rake at trace point (degrees)
# dip: Fault dip at trace point (degrees)
# lame_mu: Lame's mu parameter at trace point (Pascals)
# lame_lambda: Lame's lambda parameter at trace point (Pascals)
41.441 -121.621 0 12000 0 0 -90 59.892 3e+10 3.2e+10
41.4194 -121.599 0 12000 0.109 0 -90 59.9558 3e+10 3.2e+10
41.3975 -121.578 0 12000 0.139 0 -90 59.8795 3e+10 3.2e+10
41.3749 -121.559 0 12000 0.153 0 -90 60.0033 3e+10 3.2e+10
41.3518 -121.54 0 12000 0.18 0 -90 59.9582 3e+10 3.2e+10
41.3283 -121.522 0 12000 0.185 0 -90 59.8882 3e+10 3.2e+10
41.3043 -121.506 0 12000 0.188 0 -90 59.774 3e+10 3.2e+10
41.2798 -121.491 0 12000 0.189 0 -90 59.8442 3e+10 3.2e+10
41.2548 -121.477 0 12000 0.189 0 -90 59.8709 3e+10 3.2e+10
41.2295 -121.465 0 12000 0.189 0 -90 59.7496 3e+10 3.2e+10
41.2036 -121.454 0 12000 0.189 0 -90 59.7714 3e+10 3.2e+10
41.1774 -121.446 0 12000 0.189 0 -90 59.8506 3e+10 3.2e+10
41.1508 -121.439 0 12000 0.189 0 -90 59.837 3e+10 3.2e+10
41.1241 -121.434 0 12000 0.189 0 -90 59.7569 3e+10 3.2e+10
41.0972 -121.431 0 12000 0.189 0 -90 59.898 3e+10 3.2e+10
41.0702 -121.431 0 12000 0.189 0 -90 59.8433 3e+10 3.2e+10
41.0432 -121.432 0 12000 0.189 0 -90 59.7683 3e+10 3.2e+10
41.0163 -121.434 0 12000 0.189 0 -90 59.7382 3e+10 3.2e+10
40.9893 -121.436 0 12000 0.189 0 -90 59.729 3e+10 3.2e+10
40.9625 -121.438 0 12000 0.189 0 -90 59.791 3e+10 3.2e+10
40.9355 -121.439 0 12000 0.189 0 -90 59.8276 3e+10 3.2e+10
40.9086 -121.439 0 12000 0.189 0 -90 59.852 3e+10 3.2e+10
40.8816 -121.438 0 12000 0.189 0 -90 59.8204 3e+10 3.2e+10
40.8548 -121.435 0 12000 0.189 0 -90 59.9363 3e+10 3.2e+10
40.8279 -121.432 0 12000 0.189 0 -90 59.8843 3e+10 3.2e+10
40.8012 -121.427 0 12000 0.188 0 -90 59.8056 3e+10 3.2e+10
40.7746 -121.421 0 12000 0.185 0 -90 59.8574 3e+10 3.2e+10
40.7481 -121.415 0 12000 0.18 0 -90 59.7791 3e+10 3.2e+10
40.7217 -121.408 0 12000 0.153 0 -90 59.8284 3e+10 3.2e+10
40.6953 -121.4 0 12000 0.139 0 -90 59.9206 3e+10 3.2e+10
40.6692 -121.391 0 12000 0.109 0 -90 59.7912 3e+10 3.2e+10
40.6431 -121.382 0 12000 0 0 -90 59.8983 3e+10 3.2e+10
40.6169 -121.374 0 12000 0 0 -90 59.8983 3e+10 3.2e+10
