# fault_id: ID number of the parent fault of this section
# num_points: Number of trace points comprising this section
# section_name: Name of the section
46 37 Death_Vlly-N
# latitude: Latitude of trace point
# longitude: Longitude of trace point
# altitude: Altitude of trace point (meters)
# depth_along_dip: Depth along dip (meters)
# slip_rate: Slip rate at trace point (centimeters/year)
# aseismic: Fraction of slip that is aseismic at point
# rake: Fault rake at trace point (degrees)
# dip: Fault dip at trace point (degrees)
# lame_mu: Lame's mu parameter at trace point (Pascals)
# lame_lambda: Lame's lambda parameter at trace point (Pascals)
37.286 -117.641 0 12000 0 0 180 90 3e+10 3.2e+10
37.2658 -117.619 0 12000 0.292 0 180 90 3e+10 3.2e+10
37.2456 -117.596 0 12000 0.37 0 180 90 3e+10 3.2e+10
37.2253 -117.574 0 12000 0.409 0 180 90 3e+10 3.2e+10
37.2049 -117.552 0 12000 0.481 0 180 90 3e+10 3.2e+10
37.1843 -117.53 0 12000 0.493 0 180 90 3e+10 3.2e+10
37.1637 -117.508 0 12000 0.5 0 180 90 3e+10 3.2e+10
37.1429 -117.486 0 12000 0.505 0 180 90 3e+10 3.2e+10
37.122 -117.465 0 12000 0.505 0 180 90 3e+10 3.2e+10
37.1008 -117.444 0 12000 0.505 0 180 90 3e+10 3.2e+10
37.0795 -117.423 0 12000 0.505 0 180 90 3e+10 3.2e+10
37.0581 -117.403 0 12000 0.505 0 180 90 3e+10 3.2e+10
37.0364 -117.383 0 12000 0.505 0 180 90 3e+10 3.2e+10
37.0146 -117.363 0 12000 0.505 0 180 90 3e+10 3.2e+10
36.9924 -117.344 0 12000 0.505 0 180 90 3e+10 3.2e+10
36.97 -117.325 0 12000 0.505 0 180 90 3e+10 3.2e+10
36.9475 -117.306 0 12000 0.505 0 180 90 3e+10 3.2e+10
36.9249 -117.288 0 12000 0.505 0 180 90 3e+10 3.2e+10
36.9023 -117.269 0 12000 0.505 0 180 90 3e+10 3.2e+10
36.8797 -117.251 0 12000 0.505 0 180 90 3e+10 3.2e+10
36.8571 -117.232 0 12000 0.505 0 180 90 3e+10 3.2e+10
36.8347 -117.214 0 12000 0.505 0 180 90 3e+10 3.2e+10
36.8125 -117.195 0 12000 0.505 0 180 90 3e+10 3.2e+10
36.7905 -117.175 0 12000 0.505 0 180 90 3e+10 3.2e+10
36.7688 -117.155 0 12000 0.505 0 180 90 3e+10 3.2e+10
36.7476 -117.134 0 12000 0.505 0 180 90 3e+10 3.2e+10
36.7267 -117.113 0 12000 0.505 0 180 90 3e+10 3.2e+10
36.7064 -117.091 0 12000 0.505 0 180 90 3e+10 3.2e+10
36.6865 -117.068 0 12000 0.505 0 180 90 3e+10 3.2e+10
36.667 -117.045 0 12000 0.5 0 180 90 3e+10 3.2e+10
36.6478 -117.021 0 12000 0.493 0 180 90 3e+10 3.2e+10
36.629 -116.997 0 12000 0.481 0 180 90 3e+10 3.2e+10
36.6107 -116.972 0 12000 0.409 0 180 90 3e+10 3.2e+10
36.5926 -116.947 0 12000 0.37 0 180 90 3e+10 3.2e+10
36.5749 -116.922 0 12000 0.292 0 180 90 3e+10 3.2e+10
36.5574 -116.896 0 12000 0 0 180 90 3e+10 3.2e+10
36.5404 -116.87 0 12000 0 0 180 90 3e+10 3.2e+10
