# fault_id: ID number of the parent fault of this section
# num_points: Number of trace points comprising this section
# section_name: Name of the section
23 63 Pals_V-Corbank
# latitude: Latitude of trace point
# longitude: Longitude of trace point
# altitude: Altitude of trace point (meters)
# depth_along_dip: Depth along dip (meters)
# slip_rate: Slip rate at trace point (centimeters/year)
# aseismic: Fraction of slip that is aseismic at point
# rake: Fault rake at trace point (degrees)
# dip: Fault dip at trace point (degrees)
# lame_mu: Lame's mu parameter at trace point (Pascals)
# lame_lambda: Lame's lambda parameter at trace point (Pascals)
33.2774 -117.934 0 12000 0.379 0 180 90 3e+10 3.2e+10
33.2549 -117.917 0 12000 0.379 0 180 90 3e+10 3.2e+10
33.2326 -117.898 0 12000 0.379 0 180 90 3e+10 3.2e+10
33.2105 -117.88 0 12000 0.379 0 180 90 3e+10 3.2e+10
33.1885 -117.861 0 12000 0.379 0 180 90 3e+10 3.2e+10
33.1669 -117.842 0 12000 0.379 0 180 90 3e+10 3.2e+10
33.1456 -117.822 0 12000 0.379 0 180 90 3e+10 3.2e+10
33.1245 -117.802 0 12000 0.379 0 180 90 3e+10 3.2e+10
33.1035 -117.782 0 12000 0.379 0 180 90 3e+10 3.2e+10
33.0829 -117.761 0 12000 0.379 0 180 90 3e+10 3.2e+10
33.0626 -117.74 0 12000 0.379 0 180 90 3e+10 3.2e+10
33.0425 -117.718 0 12000 0.379 0 180 90 3e+10 3.2e+10
33.0228 -117.697 0 12000 0.379 0 180 90 3e+10 3.2e+10
33.0033 -117.674 0 12000 0.379 0 180 90 3e+10 3.2e+10
32.9841 -117.652 0 12000 0.379 0 180 90 3e+10 3.2e+10
32.9653 -117.629 0 12000 0.379 0 180 90 3e+10 3.2e+10
32.9468 -117.605 0 12000 0.379 0 180 90 3e+10 3.2e+10
32.9285 -117.582 0 12000 0.379 0 180 90 3e+10 3.2e+10
32.9101 -117.558 0 12000 0.379 0 180 90 3e+10 3.2e+10
32.8913 -117.535 0 12000 0.379 0 180 90 3e+10 3.2e+10
32.8717 -117.513 0 12000 0.379 0 180 90 3e+10 3.2e+10
32.851 -117.492 0 12000 0.379 0 180 90 3e+10 3.2e+10
32.8294 -117.473 0 12000 0.379 0 180 90 3e+10 3.2e+10
32.8071 -117.455 0 12000 0.379 0 180 90 3e+10 3.2e+10
32.7841 -117.438 0 12000 0.379 0 180 90 3e+10 3.2e+10
32.7607 -117.422 0 12000 0.379 0 180 90 3e+10 3.2e+10
32.7368 -117.407 0 12000 0.379 0 180 90 3e+10 3.2e+10
32.7128 -117.393 0 12000 0.379 0 180 90 3e+10 3.2e+10
32.6884 -117.379 0 12000 0.379 0 180 90 3e+10 3.2e+10
32.664 -117.366 0 12000 0.379 0 180 90 3e+10 3.2e+10
32.6394 -117.352 0 12000 0.379 0 180 90 3e+10 3.2e+10
32.6148 -117.339 0 12000 0.379 0 180 90 3e+10 3.2e+10
32.5902 -117.326 0 12000 0.379 0 180 90 3e+10 3.2e+10
32.5656 -117.313 0 12000 0.379 0 180 90 3e+10 3.2e+10
32.5412 -117.299 0 12000 0.379 0 180 90 3e+10 3.2e+10
32.5171 -117.285 0 12000 0.379 0 180 90 3e+10 3.2e+10
32.4931 -117.27 0 12000 0.379 0 180 90 3e+10 3.2e+10
32.4695 -117.255 0 12000 0.379 0 180 90 3e+10 3.2e+10
32.4463 -117.238 0 12000 0.379 0 180 90 3e+10 3.2e+10
32.4232 -117.222 0 12000 0.379 0 180 90 3e+10 3.2e+10
32.4 -117.205 0 12000 0.379 0 180 90 3e+10 3.2e+10
32.3769 -117.189 0 12000 0.379 0 180 90 3e+10 3.2e+10
32.3538 -117.172 0 12000 0.379 0 180 90 3e+10 3.2e+10
32.3307 -117.156 0 12000 0.379 0 180 90 3e+10 3.2e+10
32.3076 -117.139 0 12000 0.379 0 180 90 3e+10 3.2e+10
32.2846 -117.123 0 12000 0.379 0 180 90 3e+10 3.2e+10
32.2615 -117.106 0 12000 0.379 0 180 90 3e+10 3.2e+10
32.2385 -117.09 0 12000 0.379 0 180 90 3e+10 3.2e+10
32.2154 -117.073 0 12000 0.379 0 180 90 3e+10 3.2e+10
32.1924 -117.057 0 12000 0.379 0 180 90 3e+10 3.2e+10
32.1694 -117.04 0 12000 0.379 0 180 90 3e+10 3.2e+10
32.1464 -117.023 0 12000 0.379 0 180 90 3e+10 3.2e+10
32.1234 -117.007 0 12000 0.379 0 180 90 3e+10 3.2e+10
32.1003 -116.99 0 12000 0.379 0 180 90 3e+10 3.2e+10
32.0774 -116.973 0 12000 0.379 0 180 90 3e+10 3.2e+10
32.0544 -116.956 0 12000 0.375 0 180 90 3e+10 3.2e+10
32.0315 -116.94 0 12000 0.37 0 180 90 3e+10 3.2e+10
32.0086 -116.923 0 12000 0.361 0 180 90 3e+10 3.2e+10
31.9857 -116.906 0 12000 0.307 0 180 90 3e+10 3.2e+10
31.9629 -116.889 0 12000 0.278 0 180 90 3e+10 3.2e+10
31.94 -116.872 0 12000 0.219 0 180 90 3e+10 3.2e+10
31.9172 -116.855 0 12000 0 0 180 90 3e+10 3.2e+10
31.8944 -116.838 0 12000 0 0 180 90 3e+10 3.2e+10
