# fault_id: ID number of the parent fault of this section
# num_points: Number of trace points comprising this section
# section_name: Name of the section
23 33 Palos_Verdes
# latitude: Latitude of trace point
# longitude: Longitude of trace point
# altitude: Altitude of trace point (meters)
# depth_along_dip: Depth along dip (meters)
# slip_rate: Slip rate at trace point (centimeters/year)
# aseismic: Fraction of slip that is aseismic at point
# rake: Fault rake at trace point (degrees)
# dip: Fault dip at trace point (degrees)
# lame_mu: Lame's mu parameter at trace point (Pascals)
# lame_lambda: Lame's lambda parameter at trace point (Pascals)
33.9648 -118.543 0 12000 0 0 180 90 3e+10 3.2e+10
33.9495 -118.516 0 12000 0.219 0 180 90 3e+10 3.2e+10
33.9335 -118.49 0 12000 0.278 0 180 90 3e+10 3.2e+10
33.917 -118.464 0 12000 0.307 0 180 90 3e+10 3.2e+10
33.8999 -118.439 0 12000 0.361 0 180 90 3e+10 3.2e+10
33.8821 -118.415 0 12000 0.37 0 180 90 3e+10 3.2e+10
33.8638 -118.391 0 12000 0.375 0 180 90 3e+10 3.2e+10
33.8449 -118.368 0 12000 0.379 0 180 90 3e+10 3.2e+10
33.8255 -118.345 0 12000 0.379 0 180 90 3e+10 3.2e+10
33.8055 -118.323 0 12000 0.379 0 180 90 3e+10 3.2e+10
33.7849 -118.302 0 12000 0.379 0 180 90 3e+10 3.2e+10
33.7636 -118.282 0 12000 0.379 0 180 90 3e+10 3.2e+10
33.7419 -118.263 0 12000 0.379 0 180 90 3e+10 3.2e+10
33.7197 -118.245 0 12000 0.379 0 180 90 3e+10 3.2e+10
33.6971 -118.227 0 12000 0.379 0 180 90 3e+10 3.2e+10
33.6742 -118.21 0 12000 0.379 0 180 90 3e+10 3.2e+10
33.6511 -118.193 0 12000 0.379 0 180 90 3e+10 3.2e+10
33.6278 -118.177 0 12000 0.379 0 180 90 3e+10 3.2e+10
33.6045 -118.16 0 12000 0.379 0 180 90 3e+10 3.2e+10
33.5811 -118.144 0 12000 0.379 0 180 90 3e+10 3.2e+10
33.5575 -118.129 0 12000 0.379 0 180 90 3e+10 3.2e+10
33.534 -118.113 0 12000 0.379 0 180 90 3e+10 3.2e+10
33.5104 -118.097 0 12000 0.379 0 180 90 3e+10 3.2e+10
33.4868 -118.081 0 12000 0.379 0 180 90 3e+10 3.2e+10
33.4632 -118.065 0 12000 0.379 0 180 90 3e+10 3.2e+10
33.4397 -118.05 0 12000 0.379 0 180 90 3e+10 3.2e+10
33.4162 -118.034 0 12000 0.379 0 180 90 3e+10 3.2e+10
33.3928 -118.018 0 12000 0.379 0 180 90 3e+10 3.2e+10
33.3695 -118.002 0 12000 0.379 0 180 90 3e+10 3.2e+10
33.3462 -117.985 0 12000 0.379 0 180 90 3e+10 3.2e+10
33.3231 -117.969 0 12000 0.379 0 180 90 3e+10 3.2e+10
33.3002 -117.952 0 12000 0.379 0 180 90 3e+10 3.2e+10
33.2774 -117.934 0 12000 0.379 0 180 90 3e+10 3.2e+10
