# fault_id: ID number of the parent fault of this section
# num_points: Number of trace points comprising this section
# section_name: Name of the section
118 27 Cedar_Mtn-Ma_M
# latitude: Latitude of trace point
# longitude: Longitude of trace point
# altitude: Altitude of trace point (meters)
# depth_along_dip: Depth along dip (meters)
# slip_rate: Slip rate at trace point (centimeters/year)
# aseismic: Fraction of slip that is aseismic at point
# rake: Fault rake at trace point (degrees)
# dip: Fault dip at trace point (degrees)
# lame_mu: Lame's mu parameter at trace point (Pascals)
# lame_lambda: Lame's lambda parameter at trace point (Pascals)
42.1881 -122.105 0 12000 0 0 -90 120.038 3e+10 3.2e+10
42.1656 -122.085 0 12000 0.073 0 -90 120.144 3e+10 3.2e+10
42.1427 -122.065 0 12000 0.093 0 -90 120.083 3e+10 3.2e+10
42.1192 -122.048 0 12000 0.102 0 -90 120.15 3e+10 3.2e+10
42.0952 -122.031 0 12000 0.12 0 -90 120.133 3e+10 3.2e+10
42.0707 -122.015 0 12000 0.123 0 -90 120.201 3e+10 3.2e+10
42.0458 -122.001 0 12000 0.125 0 -90 120.178 3e+10 3.2e+10
42.0205 -121.989 0 12000 0.126 0 -90 120.148 3e+10 3.2e+10
41.9947 -121.978 0 12000 0.126 0 -90 120.179 3e+10 3.2e+10
41.9685 -121.968 0 12000 0.126 0 -90 120.128 3e+10 3.2e+10
41.9421 -121.961 0 12000 0.126 0 -90 120.281 3e+10 3.2e+10
41.9154 -121.956 0 12000 0.126 0 -90 120.209 3e+10 3.2e+10
41.8886 -121.951 0 12000 0.126 0 -90 120.201 3e+10 3.2e+10
41.8617 -121.948 0 12000 0.126 0 -90 120.188 3e+10 3.2e+10
41.8348 -121.946 0 12000 0.126 0 -90 120.214 3e+10 3.2e+10
41.808 -121.942 0 12000 0.126 0 -90 120.07 3e+10 3.2e+10
41.7811 -121.939 0 12000 0.126 0 -90 120.248 3e+10 3.2e+10
41.7543 -121.936 0 12000 0.126 0 -90 120.119 3e+10 3.2e+10
41.7275 -121.932 0 12000 0.126 0 -90 120.128 3e+10 3.2e+10
41.7007 -121.928 0 12000 0.125 0 -90 120.298 3e+10 3.2e+10
41.6739 -121.924 0 12000 0.123 0 -90 120.148 3e+10 3.2e+10
41.6471 -121.92 0 12000 0.12 0 -90 120.168 3e+10 3.2e+10
41.6204 -121.915 0 12000 0.102 0 -90 120.167 3e+10 3.2e+10
41.5936 -121.911 0 12000 0.093 0 -90 120.176 3e+10 3.2e+10
41.5668 -121.907 0 12000 0.073 0 -90 120.198 3e+10 3.2e+10
41.54 -121.903 0 12000 0 0 -90 120.195 3e+10 3.2e+10
41.513 -121.9 0 12000 0 0 -90 120.195 3e+10 3.2e+10
