# fault_id: ID number of the parent fault of this section
# num_points: Number of trace points comprising this section
# section_name: Name of the section
105 59 Bartlett_Spring
# latitude: Latitude of trace point
# longitude: Longitude of trace point
# altitude: Altitude of trace point (meters)
# depth_along_dip: Depth along dip (meters)
# slip_rate: Slip rate at trace point (centimeters/year)
# aseismic: Fraction of slip that is aseismic at point
# rake: Fault rake at trace point (degrees)
# dip: Fault dip at trace point (degrees)
# lame_mu: Lame's mu parameter at trace point (Pascals)
# lame_lambda: Lame's lambda parameter at trace point (Pascals)
40.2622 -123.459 0 12000 0 0 180 90 3e+10 3.2e+10
40.2357 -123.465 0 12000 0.439 0 180 90 3e+10 3.2e+10
40.209 -123.47 0 12000 0.557 0 180 90 3e+10 3.2e+10
40.1823 -123.473 0 12000 0.615 0 180 90 3e+10 3.2e+10
40.1554 -123.476 0 12000 0.723 0 180 90 3e+10 3.2e+10
40.1285 -123.477 0 12000 0.741 0 180 90 3e+10 3.2e+10
40.1016 -123.477 0 12000 0.752 0 180 90 3e+10 3.2e+10
40.0747 -123.476 0 12000 0.76 0 180 90 3e+10 3.2e+10
40.0479 -123.472 0 12000 0.76 0 180 90 3e+10 3.2e+10
40.0213 -123.467 0 12000 0.76 0 180 90 3e+10 3.2e+10
39.9948 -123.46 0 12000 0.76 0 180 90 3e+10 3.2e+10
39.9688 -123.451 0 12000 0.76 0 180 90 3e+10 3.2e+10
39.9434 -123.44 0 12000 0.76 0 180 90 3e+10 3.2e+10
39.9185 -123.427 0 12000 0.76 0 180 90 3e+10 3.2e+10
39.8942 -123.411 0 12000 0.76 0 180 90 3e+10 3.2e+10
39.8707 -123.394 0 12000 0.76 0 180 90 3e+10 3.2e+10
39.8478 -123.376 0 12000 0.76 0 180 90 3e+10 3.2e+10
39.8255 -123.356 0 12000 0.76 0 180 90 3e+10 3.2e+10
39.8039 -123.335 0 12000 0.76 0 180 90 3e+10 3.2e+10
39.7828 -123.313 0 12000 0.76 0 180 90 3e+10 3.2e+10
39.7622 -123.291 0 12000 0.76 0 180 90 3e+10 3.2e+10
39.7419 -123.268 0 12000 0.76 0 180 90 3e+10 3.2e+10
39.722 -123.244 0 12000 0.76 0 180 90 3e+10 3.2e+10
39.7023 -123.22 0 12000 0.76 0 180 90 3e+10 3.2e+10
39.6828 -123.196 0 12000 0.76 0 180 90 3e+10 3.2e+10
39.6634 -123.171 0 12000 0.76 0 180 90 3e+10 3.2e+10
39.6441 -123.147 0 12000 0.76 0 180 90 3e+10 3.2e+10
39.6248 -123.122 0 12000 0.76 0 180 90 3e+10 3.2e+10
39.6053 -123.098 0 12000 0.76 0 180 90 3e+10 3.2e+10
39.5857 -123.074 0 12000 0.76 0 180 90 3e+10 3.2e+10
39.5658 -123.05 0 12000 0.76 0 180 90 3e+10 3.2e+10
39.5456 -123.027 0 12000 0.76 0 180 90 3e+10 3.2e+10
39.5252 -123.004 0 12000 0.76 0 180 90 3e+10 3.2e+10
39.5044 -122.982 0 12000 0.76 0 180 90 3e+10 3.2e+10
39.4834 -122.96 0 12000 0.76 0 180 90 3e+10 3.2e+10
39.4622 -122.938 0 12000 0.76 0 180 90 3e+10 3.2e+10
39.4407 -122.917 0 12000 0.76 0 180 90 3e+10 3.2e+10
39.419 -122.896 0 12000 0.76 0 180 90 3e+10 3.2e+10
39.3972 -122.876 0 12000 0.76 0 180 90 3e+10 3.2e+10
39.375 -122.856 0 12000 0.76 0 180 90 3e+10 3.2e+10
39.3529 -122.836 0 12000 0.76 0 180 90 3e+10 3.2e+10
39.3305 -122.817 0 12000 0.76 0 180 90 3e+10 3.2e+10
39.3079 -122.797 0 12000 0.76 0 180 90 3e+10 3.2e+10
39.2854 -122.778 0 12000 0.76 0 180 90 3e+10 3.2e+10
39.2626 -122.76 0 12000 0.76 0 180 90 3e+10 3.2e+10
39.2397 -122.741 0 12000 0.76 0 180 90 3e+10 3.2e+10
39.2168 -122.723 0 12000 0.76 0 180 90 3e+10 3.2e+10
39.1938 -122.705 0 12000 0.76 0 180 90 3e+10 3.2e+10
39.1707 -122.687 0 12000 0.76 0 180 90 3e+10 3.2e+10
39.1476 -122.669 0 12000 0.76 0 180 90 3e+10 3.2e+10
39.1244 -122.651 0 12000 0.76 0 180 90 3e+10 3.2e+10
39.1014 -122.633 0 12000 0.752 0 180 90 3e+10 3.2e+10
39.0782 -122.615 0 12000 0.742 0 180 90 3e+10 3.2e+10
39.055 -122.597 0 12000 0.723 0 180 90 3e+10 3.2e+10
39.0317 -122.58 0 12000 0.615 0 180 90 3e+10 3.2e+10
39.0086 -122.562 0 12000 0.557 0 180 90 3e+10 3.2e+10
38.9855 -122.544 0 12000 0.439 0 180 90 3e+10 3.2e+10
38.9625 -122.526 0 12000 0 0 180 90 3e+10 3.2e+10
38.9387 -122.509 0 12000 0 0 180 90 3e+10 3.2e+10
