# fault_id: ID number of the parent fault of this section
# num_points: Number of trace points comprising this section
# section_name: Name of the section
9 30 S_San_Gregorio
# latitude: Latitude of trace point
# longitude: Longitude of trace point
# altitude: Altitude of trace point (meters)
# depth_along_dip: Depth along dip (meters)
# slip_rate: Slip rate at trace point (centimeters/year)
# aseismic: Fraction of slip that is aseismic at point
# rake: Fault rake at trace point (degrees)
# dip: Fault dip at trace point (degrees)
# lame_mu: Lame's mu parameter at trace point (Pascals)
# lame_lambda: Lame's lambda parameter at trace point (Pascals)
36.8574 -122.157 0 12000 0.596 0 180 90 3e+10 3.2e+10
36.8333 -122.142 0 12000 0.534 0 180 90 3e+10 3.2e+10
36.8094 -122.127 0 12000 0.482 0 180 90 3e+10 3.2e+10
36.7854 -122.111 0 12000 0.441 0 180 90 3e+10 3.2e+10
36.7615 -122.095 0 12000 0.41 0 180 90 3e+10 3.2e+10
36.7376 -122.08 0 12000 0.389 0 180 90 3e+10 3.2e+10
36.7137 -122.064 0 12000 0.379 0 180 90 3e+10 3.2e+10
36.6899 -122.049 0 12000 0.379 0 180 90 3e+10 3.2e+10
36.6658 -122.033 0 12000 0.379 0 180 90 3e+10 3.2e+10
36.6418 -122.018 0 12000 0.379 0 180 90 3e+10 3.2e+10
36.6175 -122.003 0 12000 0.379 0 180 90 3e+10 3.2e+10
36.5932 -121.989 0 12000 0.379 0 180 90 3e+10 3.2e+10
36.5687 -121.975 0 12000 0.379 0 180 90 3e+10 3.2e+10
36.544 -121.961 0 12000 0.379 0 180 90 3e+10 3.2e+10
36.519 -121.949 0 12000 0.379 0 180 90 3e+10 3.2e+10
36.4939 -121.936 0 12000 0.379 0 180 90 3e+10 3.2e+10
36.4685 -121.925 0 12000 0.379 0 180 90 3e+10 3.2e+10
36.4429 -121.914 0 12000 0.379 0 180 90 3e+10 3.2e+10
36.417 -121.905 0 12000 0.379 0 180 90 3e+10 3.2e+10
36.391 -121.896 0 12000 0.379 0 180 90 3e+10 3.2e+10
36.3646 -121.889 0 12000 0.379 0 180 90 3e+10 3.2e+10
36.3382 -121.882 0 12000 0.379 0 180 90 3e+10 3.2e+10
36.3116 -121.876 0 12000 0.375 0 180 90 3e+10 3.2e+10
36.2849 -121.872 0 12000 0.37 0 180 90 3e+10 3.2e+10
36.2581 -121.868 0 12000 0.361 0 180 90 3e+10 3.2e+10
36.2313 -121.865 0 12000 0.307 0 180 90 3e+10 3.2e+10
36.2044 -121.862 0 12000 0.278 0 180 90 3e+10 3.2e+10
36.1774 -121.86 0 12000 0.219 0 180 90 3e+10 3.2e+10
36.1505 -121.859 0 12000 0 0 180 90 3e+10 3.2e+10
36.1235 -121.86 0 12000 0 0 180 90 3e+10 3.2e+10
