# fault_id: ID number of the parent fault of this section
# num_points: Number of trace points comprising this section
# section_name: Name of the section
26 34 Red_Mtn
# latitude: Latitude of trace point
# longitude: Longitude of trace point
# altitude: Altitude of trace point (meters)
# depth_along_dip: Depth along dip (meters)
# slip_rate: Slip rate at trace point (centimeters/year)
# aseismic: Fraction of slip that is aseismic at point
# rake: Fault rake at trace point (degrees)
# dip: Fault dip at trace point (degrees)
# lame_mu: Lame's mu parameter at trace point (Pascals)
# lame_lambda: Lame's lambda parameter at trace point (Pascals)
34.3629 -120.371 0 12000 0 0 90 123.966 3e+10 3.2e+10
34.3722 -120.34 0 12000 0.146 0 90 124.033 3e+10 3.2e+10
34.3807 -120.309 0 12000 0.186 0 90 123.974 3e+10 3.2e+10
34.3881 -120.278 0 12000 0.205 0 90 124.074 3e+10 3.2e+10
34.3946 -120.246 0 12000 0.241 0 90 124.046 3e+10 3.2e+10
34.4002 -120.214 0 12000 0.247 0 90 123.885 3e+10 3.2e+10
34.4045 -120.182 0 12000 0.251 0 90 123.924 3e+10 3.2e+10
34.4079 -120.149 0 12000 0.253 0 90 123.847 3e+10 3.2e+10
34.4101 -120.117 0 12000 0.253 0 90 123.807 3e+10 3.2e+10
34.4111 -120.084 0 12000 0.253 0 90 123.826 3e+10 3.2e+10
34.4108 -120.051 0 12000 0.253 0 90 123.895 3e+10 3.2e+10
34.4093 -120.019 0 12000 0.253 0 90 123.854 3e+10 3.2e+10
34.4064 -119.986 0 12000 0.253 0 90 123.92 3e+10 3.2e+10
34.4021 -119.954 0 12000 0.253 0 90 124.057 3e+10 3.2e+10
34.3963 -119.922 0 12000 0.253 0 90 123.979 3e+10 3.2e+10
34.3894 -119.89 0 12000 0.253 0 90 123.894 3e+10 3.2e+10
34.3819 -119.859 0 12000 0.253 0 90 124.024 3e+10 3.2e+10
34.3749 -119.827 0 12000 0.253 0 90 123.825 3e+10 3.2e+10
34.3685 -119.796 0 12000 0.253 0 90 124.036 3e+10 3.2e+10
34.3634 -119.763 0 12000 0.253 0 90 123.901 3e+10 3.2e+10
34.3602 -119.731 0 12000 0.253 0 90 124.067 3e+10 3.2e+10
34.3588 -119.698 0 12000 0.253 0 90 124.009 3e+10 3.2e+10
34.3585 -119.666 0 12000 0.253 0 90 123.987 3e+10 3.2e+10
34.3585 -119.633 0 12000 0.253 0 90 123.991 3e+10 3.2e+10
34.3584 -119.6 0 12000 0.253 0 90 124.005 3e+10 3.2e+10
34.3581 -119.568 0 12000 0.253 0 90 124.004 3e+10 3.2e+10
34.3576 -119.535 0 12000 0.251 0 90 123.829 3e+10 3.2e+10
34.3568 -119.502 0 12000 0.247 0 90 123.986 3e+10 3.2e+10
34.3578 -119.47 0 12000 0.241 0 90 123.822 3e+10 3.2e+10
34.3601 -119.436 0 12000 0.205 0 90 123.961 3e+10 3.2e+10
34.3491 -119.406 0 12000 0.186 0 90 124.003 3e+10 3.2e+10
34.3351 -119.378 0 12000 0.146 0 90 123.928 3e+10 3.2e+10
34.3319 -119.345 0 12000 0 0 90 124.069 3e+10 3.2e+10
34.3357 -119.313 0 12000 0 0 90 124.069 3e+10 3.2e+10
