# fault_id: ID number of the parent fault of this section
# num_points: Number of trace points comprising this section
# section_name: Name of the section
1 34 SAF-Mojave
# latitude: Latitude of trace point
# longitude: Longitude of trace point
# altitude: Altitude of trace point (meters)
# depth_along_dip: Depth along dip (meters)
# slip_rate: Slip rate at trace point (centimeters/year)
# aseismic: Fraction of slip that is aseismic at point
# rake: Fault rake at trace point (degrees)
# dip: Fault dip at trace point (degrees)
# lame_mu: Lame's mu parameter at trace point (Pascals)
# lame_lambda: Lame's lambda parameter at trace point (Pascals)
34.6968 -118.496 0 12000 4.006 0 180 90 3e+10 3.2e+10
34.6857 -118.466 0 12000 3.944 0 180 90 3e+10 3.2e+10
34.6745 -118.436 0 12000 3.893 0 180 90 3e+10 3.2e+10
34.6634 -118.407 0 12000 3.852 0 180 90 3e+10 3.2e+10
34.6522 -118.377 0 12000 3.821 0 180 90 3e+10 3.2e+10
34.6409 -118.347 0 12000 3.8 0 180 90 3e+10 3.2e+10
34.6297 -118.317 0 12000 3.79 0 180 90 3e+10 3.2e+10
34.6184 -118.287 0 12000 3.79 0 180 90 3e+10 3.2e+10
34.6071 -118.257 0 12000 3.79 0 180 90 3e+10 3.2e+10
34.5959 -118.228 0 12000 3.79 0 180 90 3e+10 3.2e+10
34.5845 -118.198 0 12000 3.79 0 180 90 3e+10 3.2e+10
34.5732 -118.168 0 12000 3.79 0 180 90 3e+10 3.2e+10
34.5619 -118.138 0 12000 3.79 0 180 90 3e+10 3.2e+10
34.5505 -118.109 0 12000 3.79 0 180 90 3e+10 3.2e+10
34.5391 -118.079 0 12000 3.79 0 180 90 3e+10 3.2e+10
34.5277 -118.049 0 12000 3.79 0 180 90 3e+10 3.2e+10
34.5163 -118.02 0 12000 3.79 0 180 90 3e+10 3.2e+10
34.505 -117.99 0 12000 3.79 0 180 90 3e+10 3.2e+10
34.4937 -117.96 0 12000 3.79 0 180 90 3e+10 3.2e+10
34.4823 -117.931 0 12000 3.79 0 180 90 3e+10 3.2e+10
34.4708 -117.901 0 12000 3.79 0 180 90 3e+10 3.2e+10
34.4593 -117.871 0 12000 3.79 0 180 90 3e+10 3.2e+10
34.4476 -117.842 0 12000 3.79 0 180 90 3e+10 3.2e+10
34.4359 -117.812 0 12000 3.79 0 180 90 3e+10 3.2e+10
34.424 -117.783 0 12000 3.79 0 180 90 3e+10 3.2e+10
34.412 -117.754 0 12000 3.79 0 180 90 3e+10 3.2e+10
34.3998 -117.725 0 12000 3.79 0 180 90 3e+10 3.2e+10
34.3874 -117.696 0 12000 3.774 0 180 90 3e+10 3.2e+10
34.3749 -117.667 0 12000 3.743 0 180 90 3e+10 3.2e+10
34.362 -117.638 0 12000 3.697 0 180 90 3e+10 3.2e+10
34.349 -117.609 0 12000 3.635 0 180 90 3e+10 3.2e+10
34.3356 -117.581 0 12000 3.558 0 180 90 3e+10 3.2e+10
34.3221 -117.553 0 12000 3.465 0 180 90 3e+10 3.2e+10
34.3081 -117.525 0 12000 3.465 0 180 90 3e+10 3.2e+10
