# fault_id: ID number of the parent fault of this section
# num_points: Number of trace points comprising this section
# section_name: Name of the section
70 33 Helendale
# latitude: Latitude of trace point
# longitude: Longitude of trace point
# altitude: Altitude of trace point (meters)
# depth_along_dip: Depth along dip (meters)
# slip_rate: Slip rate at trace point (centimeters/year)
# aseismic: Fraction of slip that is aseismic at point
# rake: Fault rake at trace point (degrees)
# dip: Fault dip at trace point (degrees)
# lame_mu: Lame's mu parameter at trace point (Pascals)
# lame_lambda: Lame's lambda parameter at trace point (Pascals)
35.0484 -117.497 0 12000 0 0 180 90 3e+10 3.2e+10
35.0228 -117.487 0 12000 0.044 0 180 90 3e+10 3.2e+10
34.9974 -117.475 0 12000 0.056 0 180 90 3e+10 3.2e+10
34.9724 -117.463 0 12000 0.061 0 180 90 3e+10 3.2e+10
34.9477 -117.449 0 12000 0.072 0 180 90 3e+10 3.2e+10
34.9235 -117.435 0 12000 0.074 0 180 90 3e+10 3.2e+10
34.8996 -117.42 0 12000 0.075 0 180 90 3e+10 3.2e+10
34.876 -117.404 0 12000 0.076 0 180 90 3e+10 3.2e+10
34.8528 -117.387 0 12000 0.076 0 180 90 3e+10 3.2e+10
34.8302 -117.369 0 12000 0.076 0 180 90 3e+10 3.2e+10
34.8083 -117.35 0 12000 0.076 0 180 90 3e+10 3.2e+10
34.7875 -117.329 0 12000 0.076 0 180 90 3e+10 3.2e+10
34.768 -117.306 0 12000 0.076 0 180 90 3e+10 3.2e+10
34.7499 -117.282 0 12000 0.076 0 180 90 3e+10 3.2e+10
34.7327 -117.257 0 12000 0.076 0 180 90 3e+10 3.2e+10
34.7159 -117.231 0 12000 0.076 0 180 90 3e+10 3.2e+10
34.6989 -117.205 0 12000 0.076 0 180 90 3e+10 3.2e+10
34.6813 -117.18 0 12000 0.076 0 180 90 3e+10 3.2e+10
34.6626 -117.157 0 12000 0.076 0 180 90 3e+10 3.2e+10
34.6423 -117.135 0 12000 0.076 0 180 90 3e+10 3.2e+10
34.6201 -117.116 0 12000 0.076 0 180 90 3e+10 3.2e+10
34.5957 -117.102 0 12000 0.076 0 180 90 3e+10 3.2e+10
34.5705 -117.09 0 12000 0.076 0 180 90 3e+10 3.2e+10
34.5463 -117.075 0 12000 0.076 0 180 90 3e+10 3.2e+10
34.5272 -117.052 0 12000 0.076 0 180 90 3e+10 3.2e+10
34.5118 -117.025 0 12000 0.075 0 180 90 3e+10 3.2e+10
34.4958 -116.998 0 12000 0.074 0 180 90 3e+10 3.2e+10
34.4781 -116.974 0 12000 0.072 0 180 90 3e+10 3.2e+10
34.4588 -116.951 0 12000 0.061 0 180 90 3e+10 3.2e+10
34.4384 -116.93 0 12000 0.056 0 180 90 3e+10 3.2e+10
34.4171 -116.91 0 12000 0.044 0 180 90 3e+10 3.2e+10
34.3952 -116.89 0 12000 0 0 180 90 3e+10 3.2e+10
34.3731 -116.872 0 12000 0 0 180 90 3e+10 3.2e+10
