# fault_id: ID number of the parent fault of this section
# num_points: Number of trace points comprising this section
# section_name: Name of the section
39 58 Hosgri
# latitude: Latitude of trace point
# longitude: Longitude of trace point
# altitude: Altitude of trace point (meters)
# depth_along_dip: Depth along dip (meters)
# slip_rate: Slip rate at trace point (centimeters/year)
# aseismic: Fraction of slip that is aseismic at point
# rake: Fault rake at trace point (degrees)
# dip: Fault dip at trace point (degrees)
# lame_mu: Lame's mu parameter at trace point (Pascals)
# lame_lambda: Lame's lambda parameter at trace point (Pascals)
36.1384 -121.714 0 12000 0 0 180 90 3e+10 3.2e+10
36.1194 -121.69 0 12000 0.182 0 180 90 3e+10 3.2e+10
36.1003 -121.667 0 12000 0.231 0 180 90 3e+10 3.2e+10
36.0809 -121.644 0 12000 0.255 0 180 90 3e+10 3.2e+10
36.0615 -121.62 0 12000 0.301 0 180 90 3e+10 3.2e+10
36.0418 -121.598 0 12000 0.308 0 180 90 3e+10 3.2e+10
36.0221 -121.575 0 12000 0.313 0 180 90 3e+10 3.2e+10
36.0023 -121.552 0 12000 0.316 0 180 90 3e+10 3.2e+10
35.9822 -121.53 0 12000 0.316 0 180 90 3e+10 3.2e+10
35.9621 -121.508 0 12000 0.316 0 180 90 3e+10 3.2e+10
35.9419 -121.486 0 12000 0.316 0 180 90 3e+10 3.2e+10
35.9214 -121.464 0 12000 0.316 0 180 90 3e+10 3.2e+10
35.9009 -121.442 0 12000 0.316 0 180 90 3e+10 3.2e+10
35.8802 -121.421 0 12000 0.316 0 180 90 3e+10 3.2e+10
35.8594 -121.4 0 12000 0.316 0 180 90 3e+10 3.2e+10
35.8385 -121.379 0 12000 0.316 0 180 90 3e+10 3.2e+10
35.8174 -121.358 0 12000 0.316 0 180 90 3e+10 3.2e+10
35.7963 -121.337 0 12000 0.316 0 180 90 3e+10 3.2e+10
35.7749 -121.317 0 12000 0.316 0 180 90 3e+10 3.2e+10
35.7535 -121.297 0 12000 0.316 0 180 90 3e+10 3.2e+10
35.7319 -121.277 0 12000 0.316 0 180 90 3e+10 3.2e+10
35.7102 -121.257 0 12000 0.316 0 180 90 3e+10 3.2e+10
35.6885 -121.238 0 12000 0.316 0 180 90 3e+10 3.2e+10
35.6665 -121.218 0 12000 0.316 0 180 90 3e+10 3.2e+10
35.6444 -121.199 0 12000 0.316 0 180 90 3e+10 3.2e+10
35.6222 -121.18 0 12000 0.316 0 180 90 3e+10 3.2e+10
35.6 -121.161 0 12000 0.316 0 180 90 3e+10 3.2e+10
35.5775 -121.143 0 12000 0.316 0 180 90 3e+10 3.2e+10
35.555 -121.125 0 12000 0.316 0 180 90 3e+10 3.2e+10
35.5323 -121.107 0 12000 0.316 0 180 90 3e+10 3.2e+10
35.5096 -121.089 0 12000 0.316 0 180 90 3e+10 3.2e+10
35.4867 -121.072 0 12000 0.316 0 180 90 3e+10 3.2e+10
35.4637 -121.054 0 12000 0.316 0 180 90 3e+10 3.2e+10
35.4406 -121.037 0 12000 0.316 0 180 90 3e+10 3.2e+10
35.4174 -121.02 0 12000 0.316 0 180 90 3e+10 3.2e+10
35.3941 -121.003 0 12000 0.316 0 180 90 3e+10 3.2e+10
35.3707 -120.987 0 12000 0.316 0 180 90 3e+10 3.2e+10
35.3472 -120.971 0 12000 0.316 0 180 90 3e+10 3.2e+10
35.3236 -120.955 0 12000 0.316 0 180 90 3e+10 3.2e+10
35.2998 -120.939 0 12000 0.316 0 180 90 3e+10 3.2e+10
35.2761 -120.923 0 12000 0.316 0 180 90 3e+10 3.2e+10
35.2522 -120.908 0 12000 0.316 0 180 90 3e+10 3.2e+10
35.2281 -120.893 0 12000 0.316 0 180 90 3e+10 3.2e+10
35.2041 -120.878 0 12000 0.316 0 180 90 3e+10 3.2e+10
35.1799 -120.864 0 12000 0.316 0 180 90 3e+10 3.2e+10
35.1557 -120.849 0 12000 0.316 0 180 90 3e+10 3.2e+10
35.1313 -120.835 0 12000 0.316 0 180 90 3e+10 3.2e+10
35.1068 -120.821 0 12000 0.316 0 180 90 3e+10 3.2e+10
35.0824 -120.807 0 12000 0.316 0 180 90 3e+10 3.2e+10
35.0577 -120.794 0 12000 0.316 0 180 90 3e+10 3.2e+10
35.0331 -120.78 0 12000 0.313 0 180 90 3e+10 3.2e+10
35.0083 -120.767 0 12000 0.308 0 180 90 3e+10 3.2e+10
34.9835 -120.755 0 12000 0.301 0 180 90 3e+10 3.2e+10
34.9586 -120.742 0 12000 0.255 0 180 90 3e+10 3.2e+10
34.9336 -120.73 0 12000 0.231 0 180 90 3e+10 3.2e+10
34.9085 -120.717 0 12000 0.182 0 180 90 3e+10 3.2e+10
34.8834 -120.706 0 12000 0 0 180 90 3e+10 3.2e+10
34.8578 -120.695 0 12000 0 0 180 90 3e+10 3.2e+10
