# fault_id: ID number of the parent fault of this section
# num_points: Number of trace points comprising this section
# section_name: Name of the section
72 32 Hidalgo-Wc
# latitude: Latitude of trace point
# longitude: Longitude of trace point
# altitude: Altitude of trace point (meters)
# depth_along_dip: Depth along dip (meters)
# slip_rate: Slip rate at trace point (centimeters/year)
# aseismic: Fraction of slip that is aseismic at point
# rake: Fault rake at trace point (degrees)
# dip: Fault dip at trace point (degrees)
# lame_mu: Lame's mu parameter at trace point (Pascals)
# lame_lambda: Lame's lambda parameter at trace point (Pascals)
34.988 -116.906 0 12000 0 0 180 90 3e+10 3.2e+10
34.9674 -116.885 0 12000 0.131 0 180 90 3e+10 3.2e+10
34.9445 -116.865 0 12000 0.167 0 180 90 3e+10 3.2e+10
34.936 -116.834 0 12000 0.184 0 180 90 3e+10 3.2e+10
34.9318 -116.801 0 12000 0.216 0 180 90 3e+10 3.2e+10
34.9216 -116.77 0 12000 0.222 0 180 90 3e+10 3.2e+10
34.9048 -116.744 0 12000 0.225 0 180 90 3e+10 3.2e+10
34.8852 -116.722 0 12000 0.227 0 180 90 3e+10 3.2e+10
34.8651 -116.7 0 12000 0.227 0 180 90 3e+10 3.2e+10
34.8446 -116.678 0 12000 0.227 0 180 90 3e+10 3.2e+10
34.8237 -116.658 0 12000 0.227 0 180 90 3e+10 3.2e+10
34.8021 -116.638 0 12000 0.227 0 180 90 3e+10 3.2e+10
34.7802 -116.619 0 12000 0.227 0 180 90 3e+10 3.2e+10
34.7576 -116.601 0 12000 0.227 0 180 90 3e+10 3.2e+10
34.7347 -116.583 0 12000 0.227 0 180 90 3e+10 3.2e+10
34.7117 -116.566 0 12000 0.227 0 180 90 3e+10 3.2e+10
34.6888 -116.549 0 12000 0.227 0 180 90 3e+10 3.2e+10
34.6661 -116.531 0 12000 0.227 0 180 90 3e+10 3.2e+10
34.6439 -116.513 0 12000 0.227 0 180 90 3e+10 3.2e+10
34.6224 -116.493 0 12000 0.227 0 180 90 3e+10 3.2e+10
34.6018 -116.471 0 12000 0.227 0 180 90 3e+10 3.2e+10
34.5826 -116.448 0 12000 0.227 0 180 90 3e+10 3.2e+10
34.5643 -116.424 0 12000 0.227 0 180 90 3e+10 3.2e+10
34.546 -116.4 0 12000 0.227 0 180 90 3e+10 3.2e+10
34.5266 -116.377 0 12000 0.225 0 180 90 3e+10 3.2e+10
34.5054 -116.357 0 12000 0.222 0 180 90 3e+10 3.2e+10
34.4815 -116.342 0 12000 0.216 0 180 90 3e+10 3.2e+10
34.4556 -116.332 0 12000 0.184 0 180 90 3e+10 3.2e+10
34.43 -116.322 0 12000 0.167 0 180 90 3e+10 3.2e+10
34.4059 -116.307 0 12000 0.131 0 180 90 3e+10 3.2e+10
34.3835 -116.289 0 12000 0 0 180 90 3e+10 3.2e+10
34.3627 -116.268 0 12000 0 0 180 90 3e+10 3.2e+10
