# fault_id: ID number of the parent fault of this section
# num_points: Number of trace points comprising this section
# section_name: Name of the section
75 28 Landers
# latitude: Latitude of trace point
# longitude: Longitude of trace point
# altitude: Altitude of trace point (meters)
# depth_along_dip: Depth along dip (meters)
# slip_rate: Slip rate at trace point (centimeters/year)
# aseismic: Fraction of slip that is aseismic at point
# rake: Fault rake at trace point (degrees)
# dip: Fault dip at trace point (degrees)
# lame_mu: Lame's mu parameter at trace point (Pascals)
# lame_lambda: Lame's lambda parameter at trace point (Pascals)
34.7766 -116.831 0 12000 0 0 180 90 3e+10 3.2e+10
34.7586 -116.806 0 12000 0.044 0 180 90 3e+10 3.2e+10
34.7403 -116.782 0 12000 0.056 0 180 90 3e+10 3.2e+10
34.7215 -116.759 0 12000 0.061 0 180 90 3e+10 3.2e+10
34.7034 -116.735 0 12000 0.072 0 180 90 3e+10 3.2e+10
34.6863 -116.709 0 12000 0.074 0 180 90 3e+10 3.2e+10
34.6697 -116.683 0 12000 0.075 0 180 90 3e+10 3.2e+10
34.6532 -116.657 0 12000 0.076 0 180 90 3e+10 3.2e+10
34.6364 -116.632 0 12000 0.076 0 180 90 3e+10 3.2e+10
34.6185 -116.607 0 12000 0.076 0 180 90 3e+10 3.2e+10
34.5992 -116.584 0 12000 0.076 0 180 90 3e+10 3.2e+10
34.5779 -116.564 0 12000 0.076 0 180 90 3e+10 3.2e+10
34.5545 -116.547 0 12000 0.076 0 180 90 3e+10 3.2e+10
34.5289 -116.537 0 12000 0.076 0 180 90 3e+10 3.2e+10
34.5021 -116.531 0 12000 0.076 0 180 90 3e+10 3.2e+10
34.4784 -116.515 0 12000 0.076 0 180 90 3e+10 3.2e+10
34.4584 -116.493 0 12000 0.076 0 180 90 3e+10 3.2e+10
34.4339 -116.479 0 12000 0.076 0 180 90 3e+10 3.2e+10
34.4094 -116.465 0 12000 0.076 0 180 90 3e+10 3.2e+10
34.3858 -116.448 0 12000 0.076 0 180 90 3e+10 3.2e+10
34.3593 -116.442 0 12000 0.075 0 180 90 3e+10 3.2e+10
34.3325 -116.447 0 12000 0.074 0 180 90 3e+10 3.2e+10
34.3054 -116.445 0 12000 0.072 0 180 90 3e+10 3.2e+10
34.2795 -116.436 0 12000 0.061 0 180 90 3e+10 3.2e+10
34.253 -116.429 0 12000 0.056 0 180 90 3e+10 3.2e+10
34.226 -116.432 0 12000 0.044 0 180 90 3e+10 3.2e+10
34.1988 -116.43 0 12000 0 0 180 90 3e+10 3.2e+10
34.1728 -116.421 0 12000 0 0 180 90 3e+10 3.2e+10
