# fault_id: ID number of the parent fault of this section
# num_points: Number of trace points comprising this section
# section_name: Name of the section
4 31 Anza
# latitude: Latitude of trace point
# longitude: Longitude of trace point
# altitude: Altitude of trace point (meters)
# depth_along_dip: Depth along dip (meters)
# slip_rate: Slip rate at trace point (centimeters/year)
# aseismic: Fraction of slip that is aseismic at point
# rake: Fault rake at trace point (degrees)
# dip: Fault dip at trace point (degrees)
# lame_mu: Lame's mu parameter at trace point (Pascals)
# lame_lambda: Lame's lambda parameter at trace point (Pascals)
33.7322 -116.908 0 12000 1.903 0 180 90 3e+10 3.2e+10
33.7135 -116.884 0 12000 1.903 0 180 90 3e+10 3.2e+10
33.6951 -116.86 0 12000 1.903 0 180 90 3e+10 3.2e+10
33.6769 -116.836 0 12000 1.903 0 180 90 3e+10 3.2e+10
33.6589 -116.812 0 12000 1.903 0 180 90 3e+10 3.2e+10
33.6412 -116.788 0 12000 1.903 0 180 90 3e+10 3.2e+10
33.6236 -116.763 0 12000 1.903 0 180 90 3e+10 3.2e+10
33.6063 -116.738 0 12000 1.903 0 180 90 3e+10 3.2e+10
33.5891 -116.713 0 12000 1.903 0 180 90 3e+10 3.2e+10
33.5722 -116.688 0 12000 1.903 0 180 90 3e+10 3.2e+10
33.5554 -116.663 0 12000 1.903 0 180 90 3e+10 3.2e+10
33.5389 -116.637 0 12000 1.903 0 180 90 3e+10 3.2e+10
33.5226 -116.612 0 12000 1.903 0 180 90 3e+10 3.2e+10
33.5064 -116.585 0 12000 1.903 0 180 90 3e+10 3.2e+10
33.4905 -116.559 0 12000 1.903 0 180 90 3e+10 3.2e+10
33.4747 -116.533 0 12000 1.903 0 180 90 3e+10 3.2e+10
33.4592 -116.507 0 12000 1.903 0 180 90 3e+10 3.2e+10
33.4438 -116.48 0 12000 1.903 0 180 90 3e+10 3.2e+10
33.4286 -116.453 0 12000 1.903 0 180 90 3e+10 3.2e+10
33.4136 -116.426 0 12000 1.903 0 180 90 3e+10 3.2e+10
33.3989 -116.399 0 12000 1.903 0 180 90 3e+10 3.2e+10
33.3843 -116.372 0 12000 1.903 0 180 90 3e+10 3.2e+10
33.3699 -116.345 0 12000 1.903 0 180 90 3e+10 3.2e+10
33.3557 -116.317 0 12000 1.884 0 180 90 3e+10 3.2e+10
33.3417 -116.29 0 12000 1.857 0 180 90 3e+10 3.2e+10
33.3279 -116.262 0 12000 1.811 0 180 90 3e+10 3.2e+10
33.3144 -116.234 0 12000 1.539 0 180 90 3e+10 3.2e+10
33.3011 -116.206 0 12000 1.394 0 180 90 3e+10 3.2e+10
33.288 -116.178 0 12000 1.1 0 180 90 3e+10 3.2e+10
33.2751 -116.15 0 12000 0 0 180 90 3e+10 3.2e+10
33.2627 -116.121 0 12000 0 0 180 90 3e+10 3.2e+10
