# fault_id: ID number of the parent fault of this section
# num_points: Number of trace points comprising this section
# section_name: Name of the section
10 28 N_Maacama
# latitude: Latitude of trace point
# longitude: Longitude of trace point
# altitude: Altitude of trace point (meters)
# depth_along_dip: Depth along dip (meters)
# slip_rate: Slip rate at trace point (centimeters/year)
# aseismic: Fraction of slip that is aseismic at point
# rake: Fault rake at trace point (degrees)
# dip: Fault dip at trace point (degrees)
# lame_mu: Lame's mu parameter at trace point (Pascals)
# lame_lambda: Lame's lambda parameter at trace point (Pascals)
39.9886 -123.711 0 12000 0 0 180 90 3e+10 3.2e+10
39.9649 -123.694 0 12000 0.657 0 180 90 3e+10 3.2e+10
39.9412 -123.677 0 12000 0.833 0 180 90 3e+10 3.2e+10
39.9174 -123.66 0 12000 0.92 0 180 90 3e+10 3.2e+10
39.8936 -123.644 0 12000 1.082 0 180 90 3e+10 3.2e+10
39.8698 -123.627 0 12000 1.109 0 180 90 3e+10 3.2e+10
39.8459 -123.611 0 12000 1.125 0 180 90 3e+10 3.2e+10
39.8221 -123.594 0 12000 1.137 0 180 90 3e+10 3.2e+10
39.7982 -123.578 0 12000 1.137 0 180 90 3e+10 3.2e+10
39.7742 -123.562 0 12000 1.137 0 180 90 3e+10 3.2e+10
39.7501 -123.546 0 12000 1.137 0 180 90 3e+10 3.2e+10
39.726 -123.531 0 12000 1.137 0 180 90 3e+10 3.2e+10
39.7019 -123.515 0 12000 1.137 0 180 90 3e+10 3.2e+10
39.6777 -123.499 0 12000 1.137 0 180 90 3e+10 3.2e+10
39.6535 -123.484 0 12000 1.137 0 180 90 3e+10 3.2e+10
39.6293 -123.468 0 12000 1.137 0 180 90 3e+10 3.2e+10
39.605 -123.453 0 12000 1.137 0 180 90 3e+10 3.2e+10
39.5807 -123.438 0 12000 1.137 0 180 90 3e+10 3.2e+10
39.5563 -123.423 0 12000 1.137 0 180 90 3e+10 3.2e+10
39.532 -123.408 0 12000 1.137 0 180 90 3e+10 3.2e+10
39.5077 -123.393 0 12000 1.137 0 180 90 3e+10 3.2e+10
39.4833 -123.378 0 12000 1.137 0 180 90 3e+10 3.2e+10
39.459 -123.363 0 12000 1.137 0 180 90 3e+10 3.2e+10
39.4346 -123.348 0 12000 1.137 0 180 90 3e+10 3.2e+10
39.4103 -123.333 0 12000 1.137 0 180 90 3e+10 3.2e+10
39.386 -123.318 0 12000 1.137 0 180 90 3e+10 3.2e+10
39.3617 -123.302 0 12000 1.137 0 180 90 3e+10 3.2e+10
39.3367 -123.289 0 12000 1.137 0 180 90 3e+10 3.2e+10
