# fault_id: ID number of the parent fault of this section
# num_points: Number of trace points comprising this section
# section_name: Name of the section
44 35 Panamint
# latitude: Latitude of trace point
# longitude: Longitude of trace point
# altitude: Altitude of trace point (meters)
# depth_along_dip: Depth along dip (meters)
# slip_rate: Slip rate at trace point (centimeters/year)
# aseismic: Fraction of slip that is aseismic at point
# rake: Fault rake at trace point (degrees)
# dip: Fault dip at trace point (degrees)
# lame_mu: Lame's mu parameter at trace point (Pascals)
# lame_lambda: Lame's lambda parameter at trace point (Pascals)
36.4229 -117.403 0 12000 0 0 180 90 3e+10 3.2e+10
36.3975 -117.392 0 12000 0.182 0 180 90 3e+10 3.2e+10
36.3728 -117.378 0 12000 0.231 0 180 90 3e+10 3.2e+10
36.3493 -117.361 0 12000 0.255 0 180 90 3e+10 3.2e+10
36.3274 -117.341 0 12000 0.301 0 180 90 3e+10 3.2e+10
36.3081 -117.318 0 12000 0.308 0 180 90 3e+10 3.2e+10
36.2917 -117.291 0 12000 0.313 0 180 90 3e+10 3.2e+10
36.2746 -117.265 0 12000 0.316 0 180 90 3e+10 3.2e+10
36.2531 -117.245 0 12000 0.316 0 180 90 3e+10 3.2e+10
36.2288 -117.23 0 12000 0.316 0 180 90 3e+10 3.2e+10
36.2032 -117.219 0 12000 0.316 0 180 90 3e+10 3.2e+10
36.177 -117.211 0 12000 0.316 0 180 90 3e+10 3.2e+10
36.1503 -117.206 0 12000 0.316 0 180 90 3e+10 3.2e+10
36.1234 -117.203 0 12000 0.316 0 180 90 3e+10 3.2e+10
36.0965 -117.203 0 12000 0.316 0 180 90 3e+10 3.2e+10
36.0695 -117.205 0 12000 0.316 0 180 90 3e+10 3.2e+10
36.0426 -117.207 0 12000 0.316 0 180 90 3e+10 3.2e+10
36.0156 -117.209 0 12000 0.316 0 180 90 3e+10 3.2e+10
35.9887 -117.209 0 12000 0.316 0 180 90 3e+10 3.2e+10
35.9617 -117.206 0 12000 0.316 0 180 90 3e+10 3.2e+10
35.9349 -117.202 0 12000 0.316 0 180 90 3e+10 3.2e+10
35.9083 -117.197 0 12000 0.316 0 180 90 3e+10 3.2e+10
35.882 -117.189 0 12000 0.316 0 180 90 3e+10 3.2e+10
35.8562 -117.179 0 12000 0.316 0 180 90 3e+10 3.2e+10
35.8308 -117.168 0 12000 0.316 0 180 90 3e+10 3.2e+10
35.8059 -117.155 0 12000 0.316 0 180 90 3e+10 3.2e+10
35.7818 -117.14 0 12000 0.316 0 180 90 3e+10 3.2e+10
35.7585 -117.123 0 12000 0.313 0 180 90 3e+10 3.2e+10
35.736 -117.105 0 12000 0.308 0 180 90 3e+10 3.2e+10
35.7148 -117.084 0 12000 0.301 0 180 90 3e+10 3.2e+10
35.6955 -117.061 0 12000 0.255 0 180 90 3e+10 3.2e+10
35.6789 -117.035 0 12000 0.231 0 180 90 3e+10 3.2e+10
35.6648 -117.006 0 12000 0.182 0 180 90 3e+10 3.2e+10
35.6533 -116.976 0 12000 0 0 180 90 3e+10 3.2e+10
35.6445 -116.945 0 12000 0 0 180 90 3e+10 3.2e+10
