# fault_id: ID number of the parent fault of this section
# num_points: Number of trace points comprising this section
# section_name: Name of the section
45 41 Owens_Vlly
# latitude: Latitude of trace point
# longitude: Longitude of trace point
# altitude: Altitude of trace point (meters)
# depth_along_dip: Depth along dip (meters)
# slip_rate: Slip rate at trace point (centimeters/year)
# aseismic: Fraction of slip that is aseismic at point
# rake: Fault rake at trace point (degrees)
# dip: Fault dip at trace point (degrees)
# lame_mu: Lame's mu parameter at trace point (Pascals)
# lame_lambda: Lame's lambda parameter at trace point (Pascals)
37.2232 -118.323 0 12000 0 0 180 90 3e+10 3.2e+10
37.1976 -118.312 0 12000 0.109 0 180 90 3e+10 3.2e+10
37.1721 -118.301 0 12000 0.139 0 180 90 3e+10 3.2e+10
37.1464 -118.291 0 12000 0.153 0 180 90 3e+10 3.2e+10
37.1208 -118.28 0 12000 0.18 0 180 90 3e+10 3.2e+10
37.0951 -118.27 0 12000 0.185 0 180 90 3e+10 3.2e+10
37.0695 -118.259 0 12000 0.188 0 180 90 3e+10 3.2e+10
37.0439 -118.248 0 12000 0.189 0 180 90 3e+10 3.2e+10
37.0183 -118.237 0 12000 0.189 0 180 90 3e+10 3.2e+10
36.993 -118.226 0 12000 0.189 0 180 90 3e+10 3.2e+10
36.9677 -118.215 0 12000 0.189 0 180 90 3e+10 3.2e+10
36.9425 -118.202 0 12000 0.189 0 180 90 3e+10 3.2e+10
36.9175 -118.19 0 12000 0.189 0 180 90 3e+10 3.2e+10
36.8926 -118.176 0 12000 0.189 0 180 90 3e+10 3.2e+10
36.8679 -118.163 0 12000 0.189 0 180 90 3e+10 3.2e+10
36.8433 -118.149 0 12000 0.189 0 180 90 3e+10 3.2e+10
36.8186 -118.136 0 12000 0.189 0 180 90 3e+10 3.2e+10
36.7939 -118.122 0 12000 0.189 0 180 90 3e+10 3.2e+10
36.7691 -118.109 0 12000 0.189 0 180 90 3e+10 3.2e+10
36.7443 -118.095 0 12000 0.189 0 180 90 3e+10 3.2e+10
36.7194 -118.083 0 12000 0.189 0 180 90 3e+10 3.2e+10
36.6942 -118.071 0 12000 0.189 0 180 90 3e+10 3.2e+10
36.6688 -118.059 0 12000 0.189 0 180 90 3e+10 3.2e+10
36.6433 -118.048 0 12000 0.189 0 180 90 3e+10 3.2e+10
36.6174 -118.039 0 12000 0.189 0 180 90 3e+10 3.2e+10
36.5912 -118.03 0 12000 0.189 0 180 90 3e+10 3.2e+10
36.5649 -118.023 0 12000 0.189 0 180 90 3e+10 3.2e+10
36.5382 -118.018 0 12000 0.189 0 180 90 3e+10 3.2e+10
36.5115 -118.014 0 12000 0.189 0 180 90 3e+10 3.2e+10
36.4845 -118.012 0 12000 0.189 0 180 90 3e+10 3.2e+10
36.4575 -118.011 0 12000 0.189 0 180 90 3e+10 3.2e+10
36.4306 -118.012 0 12000 0.189 0 180 90 3e+10 3.2e+10
36.4036 -118.014 0 12000 0.189 0 180 90 3e+10 3.2e+10
36.3767 -118.016 0 12000 0.188 0 180 90 3e+10 3.2e+10
36.3497 -118.017 0 12000 0.185 0 180 90 3e+10 3.2e+10
36.3227 -118.016 0 12000 0.18 0 180 90 3e+10 3.2e+10
36.2958 -118.014 0 12000 0.153 0 180 90 3e+10 3.2e+10
36.269 -118.009 0 12000 0.139 0 180 90 3e+10 3.2e+10
36.2426 -118.003 0 12000 0.109 0 180 90 3e+10 3.2e+10
36.2164 -117.995 0 12000 0 0 180 90 3e+10 3.2e+10
36.1904 -117.986 0 12000 0 0 180 90 3e+10 3.2e+10
