# fault_id: ID number of the parent fault of this section
# num_points: Number of trace points comprising this section
# section_name: Name of the section
1 50 SAF-Carrizo
# latitude: Latitude of trace point
# longitude: Longitude of trace point
# altitude: Altitude of trace point (meters)
# depth_along_dip: Depth along dip (meters)
# slip_rate: Slip rate at trace point (centimeters/year)
# aseismic: Fraction of slip that is aseismic at point
# rake: Fault rake at trace point (degrees)
# dip: Fault dip at trace point (degrees)
# lame_mu: Lame's mu parameter at trace point (Pascals)
# lame_lambda: Lame's lambda parameter at trace point (Pascals)
35.3128 -119.865 0 12000 4.295 0 180 90 3e+10 3.2e+10
35.2924 -119.844 0 12000 4.295 0 180 90 3e+10 3.2e+10
35.2721 -119.822 0 12000 4.295 0 180 90 3e+10 3.2e+10
35.2518 -119.8 0 12000 4.295 0 180 90 3e+10 3.2e+10
35.2318 -119.778 0 12000 4.295 0 180 90 3e+10 3.2e+10
35.2118 -119.756 0 12000 4.295 0 180 90 3e+10 3.2e+10
35.192 -119.733 0 12000 4.295 0 180 90 3e+10 3.2e+10
35.1722 -119.711 0 12000 4.295 0 180 90 3e+10 3.2e+10
35.1524 -119.688 0 12000 4.295 0 180 90 3e+10 3.2e+10
35.1327 -119.666 0 12000 4.295 0 180 90 3e+10 3.2e+10
35.1131 -119.643 0 12000 4.295 0 180 90 3e+10 3.2e+10
35.0936 -119.62 0 12000 4.295 0 180 90 3e+10 3.2e+10
35.0742 -119.598 0 12000 4.295 0 180 90 3e+10 3.2e+10
35.055 -119.574 0 12000 4.295 0 180 90 3e+10 3.2e+10
35.0362 -119.551 0 12000 4.295 0 180 90 3e+10 3.2e+10
35.0179 -119.527 0 12000 4.295 0 180 90 3e+10 3.2e+10
34.9999 -119.502 0 12000 4.295 0 180 90 3e+10 3.2e+10
34.9826 -119.477 0 12000 4.295 0 180 90 3e+10 3.2e+10
34.9659 -119.451 0 12000 4.295 0 180 90 3e+10 3.2e+10
34.9499 -119.424 0 12000 4.295 0 180 90 3e+10 3.2e+10
34.9349 -119.397 0 12000 4.295 0 180 90 3e+10 3.2e+10
34.9208 -119.369 0 12000 4.295 0 180 90 3e+10 3.2e+10
34.9078 -119.34 0 12000 4.295 0 180 90 3e+10 3.2e+10
34.8956 -119.311 0 12000 4.295 0 180 90 3e+10 3.2e+10
34.8846 -119.281 0 12000 4.295 0 180 90 3e+10 3.2e+10
34.8748 -119.25 0 12000 4.295 0 180 90 3e+10 3.2e+10
34.8662 -119.219 0 12000 4.295 0 180 90 3e+10 3.2e+10
34.8588 -119.188 0 12000 4.295 0 180 90 3e+10 3.2e+10
34.8526 -119.156 0 12000 4.295 0 180 90 3e+10 3.2e+10
34.8473 -119.123 0 12000 4.295 0 180 90 3e+10 3.2e+10
34.8427 -119.091 0 12000 4.295 0 180 90 3e+10 3.2e+10
34.8386 -119.059 0 12000 4.295 0 180 90 3e+10 3.2e+10
34.8347 -119.026 0 12000 4.295 0 180 90 3e+10 3.2e+10
34.8309 -118.993 0 12000 4.295 0 180 90 3e+10 3.2e+10
34.8268 -118.961 0 12000 4.295 0 180 90 3e+10 3.2e+10
34.8222 -118.929 0 12000 4.295 0 180 90 3e+10 3.2e+10
34.817 -118.896 0 12000 4.295 0 180 90 3e+10 3.2e+10
34.811 -118.864 0 12000 4.295 0 180 90 3e+10 3.2e+10
34.8041 -118.832 0 12000 4.295 0 180 90 3e+10 3.2e+10
34.7966 -118.801 0 12000 4.295 0 180 90 3e+10 3.2e+10
34.7884 -118.77 0 12000 4.295 0 180 90 3e+10 3.2e+10
34.7797 -118.739 0 12000 4.295 0 180 90 3e+10 3.2e+10
34.7705 -118.708 0 12000 4.295 0 180 90 3e+10 3.2e+10
34.7608 -118.677 0 12000 4.285 0 180 90 3e+10 3.2e+10
34.7506 -118.647 0 12000 4.264 0 180 90 3e+10 3.2e+10
34.7403 -118.616 0 12000 4.233 0 180 90 3e+10 3.2e+10
34.7296 -118.586 0 12000 4.192 0 180 90 3e+10 3.2e+10
34.7188 -118.556 0 12000 4.14 0 180 90 3e+10 3.2e+10
34.7079 -118.526 0 12000 4.079 0 180 90 3e+10 3.2e+10
34.6965 -118.496 0 12000 4.079 0 180 90 3e+10 3.2e+10
