# fault_id: ID number of the parent fault of this section
# num_points: Number of trace points comprising this section
# section_name: Name of the section
97 64 Rinconada
# latitude: Latitude of trace point
# longitude: Longitude of trace point
# altitude: Altitude of trace point (meters)
# depth_along_dip: Depth along dip (meters)
# slip_rate: Slip rate at trace point (centimeters/year)
# aseismic: Fraction of slip that is aseismic at point
# rake: Fault rake at trace point (degrees)
# dip: Fault dip at trace point (degrees)
# lame_mu: Lame's mu parameter at trace point (Pascals)
# lame_lambda: Lame's lambda parameter at trace point (Pascals)
36.6715 -121.747 0 12000 0 0 180 90 3e+10 3.2e+10
36.6536 -121.722 0 12000 0.073 0 180 90 3e+10 3.2e+10
36.6355 -121.697 0 12000 0.092 0 180 90 3e+10 3.2e+10
36.6173 -121.672 0 12000 0.102 0 180 90 3e+10 3.2e+10
36.599 -121.647 0 12000 0.119 0 180 90 3e+10 3.2e+10
36.5804 -121.623 0 12000 0.122 0 180 90 3e+10 3.2e+10
36.5618 -121.599 0 12000 0.124 0 180 90 3e+10 3.2e+10
36.543 -121.575 0 12000 0.126 0 180 90 3e+10 3.2e+10
36.5242 -121.55 0 12000 0.126 0 180 90 3e+10 3.2e+10
36.5052 -121.527 0 12000 0.126 0 180 90 3e+10 3.2e+10
36.486 -121.503 0 12000 0.126 0 180 90 3e+10 3.2e+10
36.4667 -121.479 0 12000 0.126 0 180 90 3e+10 3.2e+10
36.4473 -121.456 0 12000 0.126 0 180 90 3e+10 3.2e+10
36.4278 -121.433 0 12000 0.126 0 180 90 3e+10 3.2e+10
36.4081 -121.41 0 12000 0.126 0 180 90 3e+10 3.2e+10
36.3882 -121.387 0 12000 0.126 0 180 90 3e+10 3.2e+10
36.3683 -121.365 0 12000 0.126 0 180 90 3e+10 3.2e+10
36.3482 -121.342 0 12000 0.126 0 180 90 3e+10 3.2e+10
36.3281 -121.32 0 12000 0.126 0 180 90 3e+10 3.2e+10
36.3078 -121.298 0 12000 0.126 0 180 90 3e+10 3.2e+10
36.2873 -121.276 0 12000 0.126 0 180 90 3e+10 3.2e+10
36.2668 -121.255 0 12000 0.126 0 180 90 3e+10 3.2e+10
36.2461 -121.233 0 12000 0.126 0 180 90 3e+10 3.2e+10
36.2254 -121.212 0 12000 0.126 0 180 90 3e+10 3.2e+10
36.2044 -121.191 0 12000 0.126 0 180 90 3e+10 3.2e+10
36.1835 -121.17 0 12000 0.126 0 180 90 3e+10 3.2e+10
36.1623 -121.149 0 12000 0.126 0 180 90 3e+10 3.2e+10
36.1411 -121.128 0 12000 0.126 0 180 90 3e+10 3.2e+10
36.1197 -121.108 0 12000 0.126 0 180 90 3e+10 3.2e+10
36.0983 -121.088 0 12000 0.126 0 180 90 3e+10 3.2e+10
36.0767 -121.068 0 12000 0.126 0 180 90 3e+10 3.2e+10
36.055 -121.048 0 12000 0.126 0 180 90 3e+10 3.2e+10
36.0332 -121.028 0 12000 0.126 0 180 90 3e+10 3.2e+10
36.0114 -121.009 0 12000 0.126 0 180 90 3e+10 3.2e+10
35.9893 -120.989 0 12000 0.126 0 180 90 3e+10 3.2e+10
35.9673 -120.97 0 12000 0.126 0 180 90 3e+10 3.2e+10
35.9451 -120.951 0 12000 0.126 0 180 90 3e+10 3.2e+10
35.9228 -120.932 0 12000 0.126 0 180 90 3e+10 3.2e+10
35.9004 -120.914 0 12000 0.126 0 180 90 3e+10 3.2e+10
35.8779 -120.895 0 12000 0.126 0 180 90 3e+10 3.2e+10
35.8553 -120.877 0 12000 0.126 0 180 90 3e+10 3.2e+10
35.8326 -120.859 0 12000 0.126 0 180 90 3e+10 3.2e+10
35.8099 -120.841 0 12000 0.126 0 180 90 3e+10 3.2e+10
35.787 -120.824 0 12000 0.126 0 180 90 3e+10 3.2e+10
35.7641 -120.806 0 12000 0.126 0 180 90 3e+10 3.2e+10
35.741 -120.789 0 12000 0.126 0 180 90 3e+10 3.2e+10
35.7179 -120.772 0 12000 0.126 0 180 90 3e+10 3.2e+10
35.6947 -120.755 0 12000 0.126 0 180 90 3e+10 3.2e+10
35.6714 -120.738 0 12000 0.126 0 180 90 3e+10 3.2e+10
35.6479 -120.722 0 12000 0.126 0 180 90 3e+10 3.2e+10
35.6245 -120.705 0 12000 0.126 0 180 90 3e+10 3.2e+10
35.6009 -120.689 0 12000 0.126 0 180 90 3e+10 3.2e+10
35.5773 -120.673 0 12000 0.126 0 180 90 3e+10 3.2e+10
35.5536 -120.658 0 12000 0.126 0 180 90 3e+10 3.2e+10
35.5297 -120.642 0 12000 0.126 0 180 90 3e+10 3.2e+10
35.5059 -120.627 0 12000 0.126 0 180 90 3e+10 3.2e+10
35.4819 -120.611 0 12000 0.124 0 180 90 3e+10 3.2e+10
35.4578 -120.596 0 12000 0.122 0 180 90 3e+10 3.2e+10
35.4337 -120.582 0 12000 0.119 0 180 90 3e+10 3.2e+10
35.4095 -120.567 0 12000 0.102 0 180 90 3e+10 3.2e+10
35.3853 -120.552 0 12000 0.092 0 180 90 3e+10 3.2e+10
35.3609 -120.538 0 12000 0.073 0 180 90 3e+10 3.2e+10
35.3364 -120.524 0 12000 0 0 180 90 3e+10 3.2e+10
35.3116 -120.511 0 12000 0 0 180 90 3e+10 3.2e+10
