# fault_id: ID number of the parent fault of this section
# num_points: Number of trace points comprising this section
# section_name: Name of the section
1 33 SAF-Coachella
# latitude: Latitude of trace point
# longitude: Longitude of trace point
# altitude: Altitude of trace point (meters)
# depth_along_dip: Depth along dip (meters)
# slip_rate: Slip rate at trace point (centimeters/year)
# aseismic: Fraction of slip that is aseismic at point
# rake: Fault rake at trace point (degrees)
# dip: Fault dip at trace point (degrees)
# lame_mu: Lame's mu parameter at trace point (Pascals)
# lame_lambda: Lame's lambda parameter at trace point (Pascals)
33.9205 -116.465 0 12000 2.743 0 180 90 3e+10 3.2e+10
33.9083 -116.436 0 12000 2.681 0 180 90 3e+10 3.2e+10
33.8945 -116.408 0 12000 2.63 0 180 90 3e+10 3.2e+10
33.8794 -116.381 0 12000 2.588 0 180 90 3e+10 3.2e+10
33.8636 -116.355 0 12000 2.557 0 180 90 3e+10 3.2e+10
33.847 -116.329 0 12000 2.537 0 180 90 3e+10 3.2e+10
33.8297 -116.304 0 12000 2.527 0 180 90 3e+10 3.2e+10
33.8121 -116.28 0 12000 2.527 0 180 90 3e+10 3.2e+10
33.7944 -116.255 0 12000 2.527 0 180 90 3e+10 3.2e+10
33.7766 -116.231 0 12000 2.527 0 180 90 3e+10 3.2e+10
33.7588 -116.206 0 12000 2.527 0 180 90 3e+10 3.2e+10
33.7409 -116.182 0 12000 2.527 0 180 90 3e+10 3.2e+10
33.723 -116.158 0 12000 2.527 0 180 90 3e+10 3.2e+10
33.7051 -116.133 0 12000 2.527 0 180 90 3e+10 3.2e+10
33.6871 -116.109 0 12000 2.527 0 180 90 3e+10 3.2e+10
33.669 -116.085 0 12000 2.527 0 180 90 3e+10 3.2e+10
33.6509 -116.061 0 12000 2.527 0 180 90 3e+10 3.2e+10
33.6326 -116.037 0 12000 2.527 0 180 90 3e+10 3.2e+10
33.6143 -116.014 0 12000 2.527 0 180 90 3e+10 3.2e+10
33.5958 -115.99 0 12000 2.527 0 180 90 3e+10 3.2e+10
33.5772 -115.967 0 12000 2.527 0 180 90 3e+10 3.2e+10
33.5584 -115.943 0 12000 2.527 0 180 90 3e+10 3.2e+10
33.5396 -115.92 0 12000 2.527 0 180 90 3e+10 3.2e+10
33.5205 -115.897 0 12000 2.527 0 180 90 3e+10 3.2e+10
33.5013 -115.875 0 12000 2.527 0 180 90 3e+10 3.2e+10
33.4818 -115.852 0 12000 2.501 0 180 90 3e+10 3.2e+10
33.4622 -115.83 0 12000 2.465 0 180 90 3e+10 3.2e+10
33.4424 -115.808 0 12000 2.404 0 180 90 3e+10 3.2e+10
33.4224 -115.786 0 12000 2.044 0 180 90 3e+10 3.2e+10
33.4023 -115.765 0 12000 1.85 0 180 90 3e+10 3.2e+10
33.3818 -115.744 0 12000 1.46 0 180 90 3e+10 3.2e+10
33.3612 -115.723 0 12000 0 0 180 90 3e+10 3.2e+10
33.3406 -115.702 0 12000 0 0 180 90 3e+10 3.2e+10
