# fault_id: ID number of the parent fault of this section
# num_points: Number of trace points comprising this section
# section_name: Name of the section
124 31 B_Lagoon-Bld_M
# latitude: Latitude of trace point
# longitude: Longitude of trace point
# altitude: Altitude of trace point (meters)
# depth_along_dip: Depth along dip (meters)
# slip_rate: Slip rate at trace point (centimeters/year)
# aseismic: Fraction of slip that is aseismic at point
# rake: Fault rake at trace point (degrees)
# dip: Fault dip at trace point (degrees)
# lame_mu: Lame's mu parameter at trace point (Pascals)
# lame_lambda: Lame's lambda parameter at trace point (Pascals)
41.7161 -124.442 0 12000 0 0 90 145.211 3e+10 3.2e+10
41.6893 -124.439 0 12000 0.037 0 90 145.229 3e+10 3.2e+10
41.663 -124.432 0 12000 0.047 0 90 145.162 3e+10 3.2e+10
41.6373 -124.421 0 12000 0.051 0 90 145.126 3e+10 3.2e+10
41.6128 -124.406 0 12000 0.06 0 90 145.206 3e+10 3.2e+10
41.5896 -124.388 0 12000 0.062 0 90 145.147 3e+10 3.2e+10
41.5687 -124.365 0 12000 0.063 0 90 145.15 3e+10 3.2e+10
41.5496 -124.34 0 12000 0.064 0 90 145.066 3e+10 3.2e+10
41.5302 -124.314 0 12000 0.064 0 90 145.101 3e+10 3.2e+10
41.5088 -124.292 0 12000 0.064 0 90 145.173 3e+10 3.2e+10
41.4857 -124.273 0 12000 0.064 0 90 145.173 3e+10 3.2e+10
41.4612 -124.258 0 12000 0.064 0 90 145.229 3e+10 3.2e+10
41.4361 -124.245 0 12000 0.064 0 90 145.147 3e+10 3.2e+10
41.4105 -124.233 0 12000 0.064 0 90 145.142 3e+10 3.2e+10
41.3846 -124.223 0 12000 0.064 0 90 145.261 3e+10 3.2e+10
41.3585 -124.214 0 12000 0.064 0 90 145.153 3e+10 3.2e+10
41.3326 -124.204 0 12000 0.064 0 90 145.212 3e+10 3.2e+10
41.3066 -124.194 0 12000 0.064 0 90 145.198 3e+10 3.2e+10
41.281 -124.184 0 12000 0.064 0 90 145.213 3e+10 3.2e+10
41.2557 -124.172 0 12000 0.064 0 90 145.164 3e+10 3.2e+10
41.231 -124.157 0 12000 0.064 0 90 145.138 3e+10 3.2e+10
41.2075 -124.14 0 12000 0.064 0 90 145.113 3e+10 3.2e+10
41.1855 -124.119 0 12000 0.064 0 90 145.144 3e+10 3.2e+10
41.1661 -124.094 0 12000 0.063 0 90 145.075 3e+10 3.2e+10
41.1496 -124.066 0 12000 0.062 0 90 144.982 3e+10 3.2e+10
41.1341 -124.037 0 12000 0.06 0 90 145.098 3e+10 3.2e+10
41.1177 -124.008 0 12000 0.051 0 90 145.053 3e+10 3.2e+10
41.0986 -123.982 0 12000 0.047 0 90 145.047 3e+10 3.2e+10
41.0766 -123.961 0 12000 0.037 0 90 145.138 3e+10 3.2e+10
41.0527 -123.944 0 12000 0 0 90 145.184 3e+10 3.2e+10
41.0273 -123.932 0 12000 0 0 90 145.184 3e+10 3.2e+10
