# fault_id: ID number of the parent fault of this section
# num_points: Number of trace points comprising this section
# section_name: Name of the section
115 30 Surprise_Valley
# latitude: Latitude of trace point
# longitude: Longitude of trace point
# altitude: Altitude of trace point (meters)
# depth_along_dip: Depth along dip (meters)
# slip_rate: Slip rate at trace point (centimeters/year)
# aseismic: Fraction of slip that is aseismic at point
# rake: Fault rake at trace point (degrees)
# dip: Fault dip at trace point (degrees)
# lame_mu: Lame's mu parameter at trace point (Pascals)
# lame_lambda: Lame's lambda parameter at trace point (Pascals)
41.8619 -120.148 0 12000 0 0 -90 130.266 3e+10 3.2e+10
41.838 -120.164 0 12000 0.095 0 -90 130.266 3e+10 3.2e+10
41.8131 -120.178 0 12000 0.12 0 -90 130.211 3e+10 3.2e+10
41.7876 -120.19 0 12000 0.133 0 -90 130.115 3e+10 3.2e+10
41.7615 -120.199 0 12000 0.156 0 -90 130.217 3e+10 3.2e+10
41.7351 -120.207 0 12000 0.16 0 -90 130.15 3e+10 3.2e+10
41.7086 -120.213 0 12000 0.163 0 -90 130.227 3e+10 3.2e+10
41.6818 -120.217 0 12000 0.164 0 -90 130.235 3e+10 3.2e+10
41.6549 -120.22 0 12000 0.164 0 -90 130.199 3e+10 3.2e+10
41.6278 -120.216 0 12000 0.164 0 -90 130.103 3e+10 3.2e+10
41.6039 -120.2 0 12000 0.164 0 -90 130.131 3e+10 3.2e+10
41.5805 -120.18 0 12000 0.164 0 -90 130.218 3e+10 3.2e+10
41.5536 -120.174 0 12000 0.164 0 -90 130.186 3e+10 3.2e+10
41.5268 -120.177 0 12000 0.164 0 -90 130.229 3e+10 3.2e+10
41.5 -120.181 0 12000 0.164 0 -90 130.222 3e+10 3.2e+10
41.473 -120.182 0 12000 0.164 0 -90 130.229 3e+10 3.2e+10
41.4461 -120.179 0 12000 0.164 0 -90 130.208 3e+10 3.2e+10
41.4195 -120.173 0 12000 0.164 0 -90 130.115 3e+10 3.2e+10
41.3934 -120.164 0 12000 0.164 0 -90 130.076 3e+10 3.2e+10
41.3677 -120.153 0 12000 0.164 0 -90 130.15 3e+10 3.2e+10
41.3424 -120.141 0 12000 0.164 0 -90 130.083 3e+10 3.2e+10
41.3175 -120.127 0 12000 0.164 0 -90 130.161 3e+10 3.2e+10
41.293 -120.112 0 12000 0.163 0 -90 130.137 3e+10 3.2e+10
41.2687 -120.096 0 12000 0.16 0 -90 130.049 3e+10 3.2e+10
41.2445 -120.08 0 12000 0.156 0 -90 130.107 3e+10 3.2e+10
41.2207 -120.064 0 12000 0.133 0 -90 130.078 3e+10 3.2e+10
41.1971 -120.046 0 12000 0.12 0 -90 130.034 3e+10 3.2e+10
41.1739 -120.028 0 12000 0.095 0 -90 130.095 3e+10 3.2e+10
41.1513 -120.008 0 12000 0 0 -90 130.095 3e+10 3.2e+10
41.1289 -119.988 0 12000 0 0 -90 130.095 3e+10 3.2e+10
