# fault_id: ID number of the parent fault of this section
# num_points: Number of trace points comprising this section
# section_name: Name of the section
71 48 Lockhart
# latitude: Latitude of trace point
# longitude: Longitude of trace point
# altitude: Altitude of trace point (meters)
# depth_along_dip: Depth along dip (meters)
# slip_rate: Slip rate at trace point (centimeters/year)
# aseismic: Fraction of slip that is aseismic at point
# rake: Fault rake at trace point (degrees)
# dip: Fault dip at trace point (degrees)
# lame_mu: Lame's mu parameter at trace point (Pascals)
# lame_lambda: Lame's lambda parameter at trace point (Pascals)
35.212 -117.748 0 12000 0 0 180 90 3e+10 3.2e+10
35.1961 -117.722 0 12000 0.066 0 180 90 3e+10 3.2e+10
35.1802 -117.695 0 12000 0.083 0 180 90 3e+10 3.2e+10
35.1644 -117.668 0 12000 0.092 0 180 90 3e+10 3.2e+10
35.1489 -117.641 0 12000 0.108 0 180 90 3e+10 3.2e+10
35.1335 -117.614 0 12000 0.111 0 180 90 3e+10 3.2e+10
35.1183 -117.587 0 12000 0.113 0 180 90 3e+10 3.2e+10
35.1035 -117.559 0 12000 0.114 0 180 90 3e+10 3.2e+10
35.089 -117.531 0 12000 0.114 0 180 90 3e+10 3.2e+10
35.0748 -117.503 0 12000 0.114 0 180 90 3e+10 3.2e+10
35.0612 -117.475 0 12000 0.114 0 180 90 3e+10 3.2e+10
35.0479 -117.446 0 12000 0.114 0 180 90 3e+10 3.2e+10
35.0351 -117.417 0 12000 0.114 0 180 90 3e+10 3.2e+10
35.0224 -117.388 0 12000 0.114 0 180 90 3e+10 3.2e+10
35.01 -117.359 0 12000 0.114 0 180 90 3e+10 3.2e+10
34.9977 -117.33 0 12000 0.114 0 180 90 3e+10 3.2e+10
34.9852 -117.3 0 12000 0.114 0 180 90 3e+10 3.2e+10
34.9727 -117.271 0 12000 0.114 0 180 90 3e+10 3.2e+10
34.96 -117.242 0 12000 0.114 0 180 90 3e+10 3.2e+10
34.947 -117.213 0 12000 0.114 0 180 90 3e+10 3.2e+10
34.9336 -117.185 0 12000 0.114 0 180 90 3e+10 3.2e+10
34.9197 -117.157 0 12000 0.114 0 180 90 3e+10 3.2e+10
34.9052 -117.129 0 12000 0.114 0 180 90 3e+10 3.2e+10
34.8902 -117.102 0 12000 0.114 0 180 90 3e+10 3.2e+10
34.8743 -117.075 0 12000 0.114 0 180 90 3e+10 3.2e+10
34.8577 -117.049 0 12000 0.114 0 180 90 3e+10 3.2e+10
34.8404 -117.024 0 12000 0.114 0 180 90 3e+10 3.2e+10
34.8224 -116.999 0 12000 0.114 0 180 90 3e+10 3.2e+10
34.8035 -116.976 0 12000 0.114 0 180 90 3e+10 3.2e+10
34.7839 -116.953 0 12000 0.114 0 180 90 3e+10 3.2e+10
34.7637 -116.932 0 12000 0.114 0 180 90 3e+10 3.2e+10
34.7428 -116.911 0 12000 0.114 0 180 90 3e+10 3.2e+10
34.7214 -116.891 0 12000 0.114 0 180 90 3e+10 3.2e+10
34.6995 -116.871 0 12000 0.114 0 180 90 3e+10 3.2e+10
34.6773 -116.853 0 12000 0.114 0 180 90 3e+10 3.2e+10
34.6548 -116.835 0 12000 0.114 0 180 90 3e+10 3.2e+10
34.6321 -116.817 0 12000 0.114 0 180 90 3e+10 3.2e+10
34.6092 -116.8 0 12000 0.114 0 180 90 3e+10 3.2e+10
34.5862 -116.783 0 12000 0.114 0 180 90 3e+10 3.2e+10
34.563 -116.766 0 12000 0.114 0 180 90 3e+10 3.2e+10
34.5397 -116.749 0 12000 0.113 0 180 90 3e+10 3.2e+10
34.5163 -116.733 0 12000 0.111 0 180 90 3e+10 3.2e+10
34.4926 -116.717 0 12000 0.108 0 180 90 3e+10 3.2e+10
34.4688 -116.702 0 12000 0.092 0 180 90 3e+10 3.2e+10
34.4449 -116.687 0 12000 0.083 0 180 90 3e+10 3.2e+10
34.4207 -116.672 0 12000 0.066 0 180 90 3e+10 3.2e+10
34.3964 -116.658 0 12000 0 0 180 90 3e+10 3.2e+10
34.372 -116.644 0 12000 0 0 180 90 3e+10 3.2e+10
