# fault_id: ID number of the parent fault of this section
# num_points: Number of trace points comprising this section
# section_name: Name of the section
95 36 White_Mtn
# latitude: Latitude of trace point
# longitude: Longitude of trace point
# altitude: Altitude of trace point (meters)
# depth_along_dip: Depth along dip (meters)
# slip_rate: Slip rate at trace point (centimeters/year)
# aseismic: Fraction of slip that is aseismic at point
# rake: Fault rake at trace point (degrees)
# dip: Fault dip at trace point (degrees)
# lame_mu: Lame's mu parameter at trace point (Pascals)
# lame_lambda: Lame's lambda parameter at trace point (Pascals)
37.9341 -118.357 0 12000 0 0 180 90 3e+10 3.2e+10
37.9157 -118.382 0 12000 0.073 0 180 90 3e+10 3.2e+10
37.8942 -118.403 0 12000 0.093 0 180 90 3e+10 3.2e+10
37.8704 -118.42 0 12000 0.102 0 180 90 3e+10 3.2e+10
37.8445 -118.43 0 12000 0.12 0 180 90 3e+10 3.2e+10
37.8173 -118.429 0 12000 0.123 0 180 90 3e+10 3.2e+10
37.7922 -118.417 0 12000 0.125 0 180 90 3e+10 3.2e+10
37.7682 -118.401 0 12000 0.126 0 180 90 3e+10 3.2e+10
37.7437 -118.386 0 12000 0.126 0 180 90 3e+10 3.2e+10
37.7187 -118.374 0 12000 0.126 0 180 90 3e+10 3.2e+10
37.6933 -118.362 0 12000 0.126 0 180 90 3e+10 3.2e+10
37.6676 -118.352 0 12000 0.126 0 180 90 3e+10 3.2e+10
37.6415 -118.343 0 12000 0.126 0 180 90 3e+10 3.2e+10
37.6153 -118.335 0 12000 0.126 0 180 90 3e+10 3.2e+10
37.5889 -118.328 0 12000 0.126 0 180 90 3e+10 3.2e+10
37.5624 -118.322 0 12000 0.126 0 180 90 3e+10 3.2e+10
37.5358 -118.316 0 12000 0.126 0 180 90 3e+10 3.2e+10
37.5091 -118.311 0 12000 0.126 0 180 90 3e+10 3.2e+10
37.4823 -118.307 0 12000 0.126 0 180 90 3e+10 3.2e+10
37.4556 -118.302 0 12000 0.126 0 180 90 3e+10 3.2e+10
37.4288 -118.298 0 12000 0.126 0 180 90 3e+10 3.2e+10
37.4021 -118.294 0 12000 0.126 0 180 90 3e+10 3.2e+10
37.3753 -118.289 0 12000 0.126 0 180 90 3e+10 3.2e+10
37.3485 -118.285 0 12000 0.126 0 180 90 3e+10 3.2e+10
37.3219 -118.279 0 12000 0.126 0 180 90 3e+10 3.2e+10
37.2954 -118.273 0 12000 0.126 0 180 90 3e+10 3.2e+10
37.2688 -118.267 0 12000 0.126 0 180 90 3e+10 3.2e+10
37.2425 -118.26 0 12000 0.126 0 180 90 3e+10 3.2e+10
37.2163 -118.252 0 12000 0.125 0 180 90 3e+10 3.2e+10
37.1903 -118.243 0 12000 0.123 0 180 90 3e+10 3.2e+10
37.1643 -118.233 0 12000 0.12 0 180 90 3e+10 3.2e+10
37.1388 -118.223 0 12000 0.102 0 180 90 3e+10 3.2e+10
37.1135 -118.211 0 12000 0.093 0 180 90 3e+10 3.2e+10
37.0884 -118.199 0 12000 0.073 0 180 90 3e+10 3.2e+10
37.0637 -118.185 0 12000 0 0 180 90 3e+10 3.2e+10
37.0393 -118.17 0 12000 0 0 180 90 3e+10 3.2e+10
