# fault_id: ID number of the parent fault of this section
# num_points: Number of trace points comprising this section
# section_name: Name of the section
1 56 SAF-N_Coast_On
# latitude: Latitude of trace point
# longitude: Longitude of trace point
# altitude: Altitude of trace point (meters)
# depth_along_dip: Depth along dip (meters)
# slip_rate: Slip rate at trace point (centimeters/year)
# aseismic: Fraction of slip that is aseismic at point
# rake: Fault rake at trace point (degrees)
# dip: Fault dip at trace point (degrees)
# lame_mu: Lame's mu parameter at trace point (Pascals)
# lame_lambda: Lame's lambda parameter at trace point (Pascals)
38.9915 -123.69 0 12000 3.032 0 180 90 3e+10 3.2e+10
38.97 -123.669 0 12000 3.032 0 180 90 3e+10 3.2e+10
38.9485 -123.649 0 12000 3.032 0 180 90 3e+10 3.2e+10
38.9269 -123.628 0 12000 3.032 0 180 90 3e+10 3.2e+10
38.9055 -123.606 0 12000 3.032 0 180 90 3e+10 3.2e+10
38.8841 -123.586 0 12000 3.032 0 180 90 3e+10 3.2e+10
38.8627 -123.564 0 12000 3.032 0 180 90 3e+10 3.2e+10
38.8413 -123.543 0 12000 3.032 0 180 90 3e+10 3.2e+10
38.8199 -123.522 0 12000 3.032 0 180 90 3e+10 3.2e+10
38.7986 -123.501 0 12000 3.032 0 180 90 3e+10 3.2e+10
38.7773 -123.48 0 12000 3.032 0 180 90 3e+10 3.2e+10
38.7559 -123.459 0 12000 3.032 0 180 90 3e+10 3.2e+10
38.7346 -123.438 0 12000 3.032 0 180 90 3e+10 3.2e+10
38.7133 -123.416 0 12000 3.032 0 180 90 3e+10 3.2e+10
38.692 -123.395 0 12000 3.032 0 180 90 3e+10 3.2e+10
38.6706 -123.374 0 12000 3.032 0 180 90 3e+10 3.2e+10
38.6493 -123.353 0 12000 3.032 0 180 90 3e+10 3.2e+10
38.6279 -123.332 0 12000 3.032 0 180 90 3e+10 3.2e+10
38.6066 -123.311 0 12000 3.032 0 180 90 3e+10 3.2e+10
38.5852 -123.29 0 12000 3.032 0 180 90 3e+10 3.2e+10
38.5637 -123.269 0 12000 3.032 0 180 90 3e+10 3.2e+10
38.5423 -123.248 0 12000 3.032 0 180 90 3e+10 3.2e+10
38.5208 -123.227 0 12000 3.032 0 180 90 3e+10 3.2e+10
38.4993 -123.206 0 12000 3.032 0 180 90 3e+10 3.2e+10
38.4779 -123.185 0 12000 3.032 0 180 90 3e+10 3.2e+10
38.4563 -123.165 0 12000 3.032 0 180 90 3e+10 3.2e+10
38.4346 -123.144 0 12000 3.032 0 180 90 3e+10 3.2e+10
38.413 -123.124 0 12000 3.032 0 180 90 3e+10 3.2e+10
38.3912 -123.103 0 12000 3.032 0 180 90 3e+10 3.2e+10
38.3696 -123.083 0 12000 3.032 0 180 90 3e+10 3.2e+10
38.3477 -123.062 0 12000 3.032 0 180 90 3e+10 3.2e+10
38.3258 -123.042 0 12000 3.032 0 180 90 3e+10 3.2e+10
38.3039 -123.022 0 12000 3.032 0 180 90 3e+10 3.2e+10
38.282 -123.002 0 12000 3.032 0 180 90 3e+10 3.2e+10
38.2599 -122.983 0 12000 3.032 0 180 90 3e+10 3.2e+10
38.2378 -122.963 0 12000 3.032 0 180 90 3e+10 3.2e+10
38.2156 -122.943 0 12000 3.032 0 180 90 3e+10 3.2e+10
38.1934 -122.924 0 12000 3.032 0 180 90 3e+10 3.2e+10
38.1712 -122.904 0 12000 3.032 0 180 90 3e+10 3.2e+10
38.1489 -122.885 0 12000 3.032 0 180 90 3e+10 3.2e+10
38.1266 -122.866 0 12000 3.032 0 180 90 3e+10 3.2e+10
38.1042 -122.847 0 12000 3.032 0 180 90 3e+10 3.2e+10
38.0817 -122.828 0 12000 3.032 0 180 90 3e+10 3.2e+10
38.0593 -122.809 0 12000 3.032 0 180 90 3e+10 3.2e+10
38.0369 -122.79 0 12000 3.032 0 180 90 3e+10 3.2e+10
38.0143 -122.771 0 12000 3.032 0 180 90 3e+10 3.2e+10
37.9917 -122.752 0 12000 3.032 0 180 90 3e+10 3.2e+10
37.9692 -122.733 0 12000 3.032 0 180 90 3e+10 3.2e+10
37.947 -122.714 0 12000 3.032 0 180 90 3e+10 3.2e+10
37.9251 -122.694 0 12000 3.014 0 180 90 3e+10 3.2e+10
37.9038 -122.673 0 12000 2.978 0 180 90 3e+10 3.2e+10
37.8834 -122.651 0 12000 2.924 0 180 90 3e+10 3.2e+10
37.8625 -122.629 0 12000 2.851 0 180 90 3e+10 3.2e+10
37.8394 -122.611 0 12000 2.761 0 180 90 3e+10 3.2e+10
37.8149 -122.596 0 12000 2.653 0 180 90 3e+10 3.2e+10
37.7893 -122.586 0 12000 2.653 0 180 90 3e+10 3.2e+10
