# fault_id: ID number of the parent fault of this section
# num_points: Number of trace points comprising this section
# section_name: Name of the section
1 37 SAF-San_Bernar
# latitude: Latitude of trace point
# longitude: Longitude of trace point
# altitude: Altitude of trace point (meters)
# depth_along_dip: Depth along dip (meters)
# slip_rate: Slip rate at trace point (centimeters/year)
# aseismic: Fraction of slip that is aseismic at point
# rake: Fault rake at trace point (degrees)
# dip: Fault dip at trace point (degrees)
# lame_mu: Lame's mu parameter at trace point (Pascals)
# lame_lambda: Lame's lambda parameter at trace point (Pascals)
34.3081 -117.525 0 12000 3.371 0 180 90 3e+10 3.2e+10
34.2939 -117.497 0 12000 3.278 0 180 90 3e+10 3.2e+10
34.2794 -117.469 0 12000 3.201 0 180 90 3e+10 3.2e+10
34.2648 -117.442 0 12000 3.138 0 180 90 3e+10 3.2e+10
34.2499 -117.415 0 12000 3.092 0 180 90 3e+10 3.2e+10
34.2351 -117.388 0 12000 3.061 0 180 90 3e+10 3.2e+10
34.2201 -117.36 0 12000 3.045 0 180 90 3e+10 3.2e+10
34.2051 -117.333 0 12000 3.045 0 180 90 3e+10 3.2e+10
34.1901 -117.306 0 12000 3.045 0 180 90 3e+10 3.2e+10
34.1753 -117.279 0 12000 3.045 0 180 90 3e+10 3.2e+10
34.1605 -117.252 0 12000 3.045 0 180 90 3e+10 3.2e+10
34.1459 -117.224 0 12000 3.045 0 180 90 3e+10 3.2e+10
34.1314 -117.197 0 12000 3.045 0 180 90 3e+10 3.2e+10
34.1174 -117.169 0 12000 3.045 0 180 90 3e+10 3.2e+10
34.1035 -117.141 0 12000 3.045 0 180 90 3e+10 3.2e+10
34.0901 -117.113 0 12000 3.045 0 180 90 3e+10 3.2e+10
34.0771 -117.084 0 12000 3.045 0 180 90 3e+10 3.2e+10
34.0645 -117.055 0 12000 3.045 0 180 90 3e+10 3.2e+10
34.0526 -117.026 0 12000 3.045 0 180 90 3e+10 3.2e+10
34.0413 -116.997 0 12000 3.045 0 180 90 3e+10 3.2e+10
34.0306 -116.967 0 12000 3.045 0 180 90 3e+10 3.2e+10
34.0206 -116.936 0 12000 3.045 0 180 90 3e+10 3.2e+10
34.0115 -116.906 0 12000 3.045 0 180 90 3e+10 3.2e+10
34.0032 -116.875 0 12000 3.045 0 180 90 3e+10 3.2e+10
33.9959 -116.843 0 12000 3.045 0 180 90 3e+10 3.2e+10
33.9895 -116.812 0 12000 3.045 0 180 90 3e+10 3.2e+10
33.984 -116.78 0 12000 3.045 0 180 90 3e+10 3.2e+10
33.979 -116.748 0 12000 3.045 0 180 90 3e+10 3.2e+10
33.9744 -116.716 0 12000 3.045 0 180 90 3e+10 3.2e+10
33.9697 -116.684 0 12000 3.045 0 180 90 3e+10 3.2e+10
33.9651 -116.652 0 12000 3.035 0 180 90 3e+10 3.2e+10
33.96 -116.62 0 12000 3.014 0 180 90 3e+10 3.2e+10
33.9543 -116.588 0 12000 2.983 0 180 90 3e+10 3.2e+10
33.9478 -116.557 0 12000 2.942 0 180 90 3e+10 3.2e+10
33.9402 -116.525 0 12000 2.89 0 180 90 3e+10 3.2e+10
33.9312 -116.495 0 12000 2.828 0 180 90 3e+10 3.2e+10
33.9208 -116.465 0 12000 2.828 0 180 90 3e+10 3.2e+10
