# fault_id: ID number of the parent fault of this section
# num_points: Number of trace points comprising this section
# section_name: Name of the section
125 30 Trinidad
# latitude: Latitude of trace point
# longitude: Longitude of trace point
# altitude: Altitude of trace point (meters)
# depth_along_dip: Depth along dip (meters)
# slip_rate: Slip rate at trace point (centimeters/year)
# aseismic: Fraction of slip that is aseismic at point
# rake: Fault rake at trace point (degrees)
# dip: Fault dip at trace point (degrees)
# lame_mu: Lame's mu parameter at trace point (Pascals)
# lame_lambda: Lame's lambda parameter at trace point (Pascals)
41.436 -124.389 0 12000 0 0 90 145.178 3e+10 3.2e+10
41.4097 -124.382 0 12000 0.051 0 90 145.116 3e+10 3.2e+10
41.3836 -124.373 0 12000 0.065 0 90 145.199 3e+10 3.2e+10
41.3575 -124.363 0 12000 0.072 0 90 145.162 3e+10 3.2e+10
41.3316 -124.354 0 12000 0.085 0 90 145.21 3e+10 3.2e+10
41.3055 -124.344 0 12000 0.087 0 90 145.176 3e+10 3.2e+10
41.2794 -124.336 0 12000 0.088 0 90 145.234 3e+10 3.2e+10
41.2538 -124.325 0 12000 0.089 0 90 145.14 3e+10 3.2e+10
41.2311 -124.306 0 12000 0.089 0 90 145.055 3e+10 3.2e+10
41.2116 -124.281 0 12000 0.089 0 90 145.032 3e+10 3.2e+10
41.1928 -124.255 0 12000 0.089 0 90 145.061 3e+10 3.2e+10
41.1721 -124.232 0 12000 0.089 0 90 145.159 3e+10 3.2e+10
41.15 -124.211 0 12000 0.089 0 90 145.082 3e+10 3.2e+10
41.1269 -124.192 0 12000 0.089 0 90 145.147 3e+10 3.2e+10
41.1038 -124.174 0 12000 0.089 0 90 145.104 3e+10 3.2e+10
41.081 -124.155 0 12000 0.089 0 90 145.186 3e+10 3.2e+10
41.0593 -124.134 0 12000 0.089 0 90 145.02 3e+10 3.2e+10
41.0398 -124.109 0 12000 0.089 0 90 145.059 3e+10 3.2e+10
41.0227 -124.082 0 12000 0.089 0 90 145.024 3e+10 3.2e+10
41.0056 -124.054 0 12000 0.089 0 90 145.026 3e+10 3.2e+10
40.9855 -124.029 0 12000 0.089 0 90 145.108 3e+10 3.2e+10
40.9615 -124.013 0 12000 0.089 0 90 145.228 3e+10 3.2e+10
40.9367 -123.999 0 12000 0.088 0 90 145.141 3e+10 3.2e+10
40.9132 -123.981 0 12000 0.087 0 90 145.154 3e+10 3.2e+10
40.8911 -123.961 0 12000 0.085 0 90 145.152 3e+10 3.2e+10
40.8701 -123.939 0 12000 0.072 0 90 145.054 3e+10 3.2e+10
40.8497 -123.915 0 12000 0.065 0 90 145.204 3e+10 3.2e+10
40.8296 -123.892 0 12000 0.051 0 90 145.074 3e+10 3.2e+10
40.8101 -123.867 0 12000 0 0 90 145.068 3e+10 3.2e+10
40.7901 -123.843 0 12000 0 0 90 145.068 3e+10 3.2e+10
