# fault_id: ID number of the parent fault of this section
# num_points: Number of trace points comprising this section
# section_name: Name of the section
36 52 Garlock_E
# latitude: Latitude of trace point
# longitude: Longitude of trace point
# altitude: Altitude of trace point (meters)
# depth_along_dip: Depth along dip (meters)
# slip_rate: Slip rate at trace point (centimeters/year)
# aseismic: Fraction of slip that is aseismic at point
# rake: Fault rake at trace point (degrees)
# dip: Fault dip at trace point (degrees)
# lame_mu: Lame's mu parameter at trace point (Pascals)
# lame_lambda: Lame's lambda parameter at trace point (Pascals)
35.599 -116.408 0 12000 0 0 0 90 3e+10 3.2e+10
35.6032 -116.441 0 12000 0.219 0 0 90 3e+10 3.2e+10
35.6068 -116.474 0 12000 0.278 0 0 90 3e+10 3.2e+10
35.6101 -116.507 0 12000 0.307 0 0 90 3e+10 3.2e+10
35.6128 -116.539 0 12000 0.361 0 0 90 3e+10 3.2e+10
35.615 -116.573 0 12000 0.37 0 0 90 3e+10 3.2e+10
35.6168 -116.606 0 12000 0.375 0 0 90 3e+10 3.2e+10
35.6182 -116.639 0 12000 0.379 0 0 90 3e+10 3.2e+10
35.6191 -116.672 0 12000 0.379 0 0 90 3e+10 3.2e+10
35.6196 -116.705 0 12000 0.379 0 0 90 3e+10 3.2e+10
35.6196 -116.738 0 12000 0.379 0 0 90 3e+10 3.2e+10
35.6192 -116.771 0 12000 0.379 0 0 90 3e+10 3.2e+10
35.6185 -116.805 0 12000 0.379 0 0 90 3e+10 3.2e+10
35.6173 -116.838 0 12000 0.379 0 0 90 3e+10 3.2e+10
35.6157 -116.871 0 12000 0.379 0 0 90 3e+10 3.2e+10
35.6137 -116.904 0 12000 0.379 0 0 90 3e+10 3.2e+10
35.6113 -116.937 0 12000 0.379 0 0 90 3e+10 3.2e+10
35.6085 -116.97 0 12000 0.379 0 0 90 3e+10 3.2e+10
35.6053 -117.003 0 12000 0.379 0 0 90 3e+10 3.2e+10
35.6017 -117.036 0 12000 0.379 0 0 90 3e+10 3.2e+10
35.5976 -117.069 0 12000 0.379 0 0 90 3e+10 3.2e+10
35.5926 -117.102 0 12000 0.379 0 0 90 3e+10 3.2e+10
35.5864 -117.134 0 12000 0.379 0 0 90 3e+10 3.2e+10
35.5789 -117.166 0 12000 0.379 0 0 90 3e+10 3.2e+10
35.5703 -117.197 0 12000 0.379 0 0 90 3e+10 3.2e+10
35.5613 -117.228 0 12000 0.379 0 0 90 3e+10 3.2e+10
35.5521 -117.259 0 12000 0.379 0 0 90 3e+10 3.2e+10
35.5435 -117.291 0 12000 0.379 0 0 90 3e+10 3.2e+10
35.5357 -117.323 0 12000 0.379 0 0 90 3e+10 3.2e+10
35.5287 -117.355 0 12000 0.379 0 0 90 3e+10 3.2e+10
35.5222 -117.387 0 12000 0.379 0 0 90 3e+10 3.2e+10
35.5158 -117.419 0 12000 0.379 0 0 90 3e+10 3.2e+10
35.5094 -117.451 0 12000 0.379 0 0 90 3e+10 3.2e+10
35.5028 -117.483 0 12000 0.379 0 0 90 3e+10 3.2e+10
35.4956 -117.515 0 12000 0.379 0 0 90 3e+10 3.2e+10
35.4875 -117.547 0 12000 0.379 0 0 90 3e+10 3.2e+10
35.4784 -117.578 0 12000 0.379 0 0 90 3e+10 3.2e+10
35.4686 -117.609 0 12000 0.379 0 0 90 3e+10 3.2e+10
35.4582 -117.64 0 12000 0.379 0 0 90 3e+10 3.2e+10
35.4477 -117.67 0 12000 0.379 0 0 90 3e+10 3.2e+10
35.4375 -117.701 0 12000 0.379 0 0 90 3e+10 3.2e+10
35.4275 -117.732 0 12000 0.379 0 0 90 3e+10 3.2e+10
35.4173 -117.762 0 12000 0.379 0 0 90 3e+10 3.2e+10
35.4065 -117.793 0 12000 0.379 0 0 90 3e+10 3.2e+10
35.3944 -117.822 0 12000 0.379 0 0 90 3e+10 3.2e+10
35.3809 -117.851 0 12000 0.387 0 0 90 3e+10 3.2e+10
35.3662 -117.879 0 12000 0.402 0 0 90 3e+10 3.2e+10
35.3504 -117.905 0 12000 0.425 0 0 90 3e+10 3.2e+10
35.3336 -117.931 0 12000 0.456 0 0 90 3e+10 3.2e+10
35.3161 -117.956 0 12000 0.495 0 0 90 3e+10 3.2e+10
35.2977 -117.981 0 12000 0.541 0 0 90 3e+10 3.2e+10
35.2789 -118.004 0 12000 0.541 0 0 90 3e+10 3.2e+10
